0.012051698563631308
0.013579932033179254
0.015280669229473687
0.012818003395348887
0.017791290191694176
0.013605383168619062
0.014723568778363505
0.014423209720412986
0.009399276372649146
0.01059509230601785
0.020528101933762755
0.013630324501018143
0.015438906330577984
0.020152145013614193
0.012510721210829745
0.009010159500724507
0.07142215023580085
0.01495602127276946
0.01467337048318354
0.01683479629597759
0.012328252345925494
0.016664832368072924
0.016654930519121258
0.024461479304639266
0.011886856205083562
