1.250998467601738E-4
1.896232666430961E-4
1.3292698278401455E-4
2.0208201160554292E-5
6.037669344209045E-4
3.0894935128433966E-4
3.150718324545552E-4
2.0912311571351665E-4
4.7968422905860585E-5
1.0643592741698473E-5
9.524805779078077E-4
2.691011208917819E-4
4.542731904177679E-4
7.248353920196222E-4
6.781401487257027E-5
7.1887478105235E-5
2.0313985824844228E-4
2.700651390514634E-4
1.8333756096558824E-4
4.466341432772485E-4
2.654059576043722E-4
8.434805614914698E-4
3.3380015168952925E-4
8.731837878737613E-4
2.949777108344338E-4
