1.8267613809101242E-4
1.9718721279625475E-4
2.025977808244945E-4
1.743168894725083E-4
2.690099505922374E-4
2.0774763165410027E-4
1.9427511542298876E-4
2.0504982291006088E-4
1.725549407707289E-4
1.8466656291611763E-4
3.5509613282420243E-4
2.015690416419545E-4
2.354935788154333E-4
3.012166268064648E-4
1.930479244685838E-4
1.662420542028134E-4
8.437712441635214E-4
1.985253803627688E-4
1.9269240909088503E-4
2.3137743046955687E-4
2.0794384107305694E-4
3.161587195474216E-4
2.1775187154822283E-4
3.4662273314951976E-4
2.0099783250365113E-4
