0.003329469626840517
0.004129486299431356
0.0035867098878856387
0.0025037133047108055
0.007679797481044087
0.004818554042408538
0.004882628218614053
0.004336511136543213
0.002654297826248345
0.0025971044533667003
0.010620195802554338
0.004220858449309957
0.006361921108466281
0.008734326812409347
0.003038835604890373
0.002297294530960117
0.0066890521416877475
0.004627326807332301
0.0039537626126662185
0.0062045653616499006
0.004772391123900838
0.009254514327066003
0.005419857837820636
0.010084157648457395
0.0047344843550985284
