0.014965495251827221
0.01460209041761694
0.017669769246475536
0.01542118051670488
0.12712283504438984
0.017305035916382105
0.144873970276727
0.02555309221207291
0.030639155575197398
0.07777124026913866
0.12244316117609724
0.033744339399384676
0.012750926189465939
0.019623481448495073
0.017157890971413372
0.017513081686862164
0.019869762026464288
0.025401738339019753
0.01965846584532885
0.014300021441509825
0.013841832608781912
0.01346525748548194
0.014211040406677256
0.013237801213734413
0.013418898306768963
