6.101498680399862E-4
5.209330582421439E-4
4.3979126115919776E-4
4.124748569558148E-4
4.332391490922841E-4
5.26895058992247E-4
4.115972926308761E-4
2.314285547652782E-4
4.1444308362750245E-4
4.5897293389719095E-4
2.6182226731605134E-4
0.0014930702276952108
7.217944402870267E-5
9.132349327109659E-4
5.266882826445225E-4
2.613645035423529E-4
2.447180009040009E-4
5.939946648615277E-4
0.0012514279714623392
1.9045920121961798E-4
1.219402102867704E-4
2.4125615871303175E-4
3.161508834306864E-4
3.8591302893258966E-4
2.707522403538657E-4
