2.687724921916148E-4
2.5095281823443716E-4
2.4748464792255525E-4
2.400423636415155E-4
0.001889246381656089
2.528326845456969E-4
0.002269965281539426
2.586142326264432E-4
2.984959084918666E-4
9.630101269913173E-4
0.0018154138627113688
5.000271721116678E-4
2.023401212625804E-4
3.530797263418208E-4
2.6342171208433205E-4
2.2239512218663512E-4
2.288096647813574E-4
3.141683269205615E-4
4.233253374929379E-4
2.1115702304036542E-4
2.081158640176525E-4
2.108299025230008E-4
2.245747730168537E-4
2.1366501081379242E-4
2.0850137497329662E-4
