0.006989162394948998
0.0066396656406601485
0.00649267070048096
0.006179283706405471
0.014826083914996893
0.006907947023773744
0.017534900900313802
0.004843117985180274
0.006086664207416346
0.010529648020837043
0.012720535032062141
0.014579925372428864
0.0034111927072468066
0.010390003885612313
0.007098329380360894
0.005059334754704949
0.004815823166645024
0.007868543030610676
0.01279148760910874
0.004384984616997049
0.00365626329307244
0.004724244986547365
0.005322283157159839
0.0055221813635709105
0.004894819979003233
