0.01262535724572783
0.016980108094493795
0.012507708300122433
0.012545828733734887
0.012321007479665136
0.013315713835635345
0.014421980193340511
0.013788205105006446
0.010579523610287134
0.01194816869847315
0.0137238856359021
0.013137087506008838
0.01381242736323074
0.012299866703756046
0.01251684273018927
0.013141216599829142
0.012801938928934609
0.011610487649671097
0.015014741653770813
0.01180713715689552
0.00987122713953359
0.012108748149905868
0.013181988043318715
0.010054844947889718
0.01426652654274263
