9.483164060963537E-5
2.0101699021021993E-4
1.0873385668667715E-4
1.5797801506506722E-4
1.3538963048149042E-4
1.0588241534892618E-4
9.584366401314453E-5
1.1777906810132243E-4
6.36330016548826E-5
8.073030844844807E-5
1.6209022999594036E-4
1.3553905954487403E-4
1.3924139719175688E-4
6.304344040504933E-5
1.2608584194504803E-4
9.698410027681714E-5
1.2902231287618382E-4
1.7422105844242558E-4
8.574726127573434E-5
1.0040173912598943E-4
1.1828710802606826E-4
1.6722853487645973E-4
9.028192425037984E-5
1.0882889623943093E-4
8.945650921540295E-5
