1.0280515963595357E-4
1.226580826471611E-4
1.0291792717627848E-4
1.018171160492712E-4
9.94330793115488E-5
1.0111811566437577E-4
1.0940008453168527E-4
9.91753890502605E-5
9.903369828323027E-5
1.0254827711740533E-4
9.871139007322403E-5
1.027407898692641E-4
1.058192435906704E-4
9.622556750232718E-5
9.969553411870822E-5
1.0934931695391794E-4
1.065269973989853E-4
9.992764360208323E-5
1.0728870169708792E-4
9.545099963754175E-5
9.719955658342594E-5
1.0598510921163574E-4
9.995778473083982E-5
9.513880413687095E-5
1.0697576522969183E-4
