0.0031532078628671288
0.003519646245545444
0.0030991193139289458
0.0032047838883737596
0.0032025220282727467
0.003020158118506243
0.003106909872087863
0.0030048492080510464
0.003054345367935155
0.002913051900894476
0.0032642606856968545
0.0030153467787297295
0.0032121911942006747
0.0027922045974354205
0.003152523228153703
0.0032154110382699116
0.003146804923879238
0.0030476954948255607
0.0030797163537571483
0.0032173954281233077
0.0032174255602583734
0.003233029320443603
0.003096198687221427
0.0027964032816371913
0.003050462503130388
