0.004033361697328486
0.003468760014078698
0.0038363768580658153
0.0036861951899537226
0.003514629765613342
0.003715048848761948
0.0026654102483654185
0.004095783304602252
0.005469490232683061
0.0033902048732352696
0.0066110631696781885
0.003307005195673507
0.006042173388383754
0.0033067075326868034
0.002705695446557299
0.004651799440888782
0.004119830723119479
0.003916790202450948
0.0034701937783832015
0.003186978302535004
0.0036013969250696665
0.004330489707230822
0.005575906501811501
0.004049904843522523
0.0029540924556218373
