6.301926552578377E-5
6.616767551475112E-5
6.742423810263354E-5
3.6334007546572526E-5
4.9038845498066315E-5
3.802598277739774E-5
3.963195122882817E-5
3.1679905863836395E-5
6.06752727231274E-5
2.798030821253414E-5
7.096625519677908E-5
4.822453869368373E-5
4.5212089852159655E-5
8.056599684635336E-5
7.181443878663914E-5
4.44591851915869E-5
4.5798772153853685E-5
1.3234568666395114E-4
3.474428358125219E-5
5.848350589119626E-5
7.403773727741152E-5
2.2172928300579673E-5
3.93760830470497E-5
4.877808275955941E-5
4.117539164780725E-5
