0.016065633084404805
0.017263578238730266
0.018421832459597397
0.019034418607884056
0.018321589753293357
0.019939314609265717
0.020111515391188307
0.01927501335175967
0.014111085811898218
0.0206459479629393
0.01686481132000574
0.018751499293479357
0.01913072174412456
0.019539336475516634
0.01874672113104505
0.019932371664268516
0.018539752791051214
0.017810102348024257
0.019019889826260586
0.018773815691955607
0.01718519771587619
0.01962983850349643
0.019143007823364633
0.020685884541604797
0.01962129757925788
