4.7255209865727445E-5
3.59775198213323E-5
4.163015800558352E-5
3.6098309118183625E-5
3.7363672767058935E-5
3.598698325166449E-5
2.9188447801573165E-5
4.009305738941613E-5
4.409227391831819E-5
3.957116003235232E-5
5.424905513221023E-5
3.281895542679901E-5
6.344991902496446E-5
3.972287226624647E-5
3.239288676721606E-5
6.193526534929334E-5
3.655802485550841E-5
4.357744088020086E-5
3.253395219865201E-5
3.196440196768786E-5
3.452173232244805E-5
3.759616177400163E-5
5.6200287451011714E-5
5.1705662631015854E-5
3.074334754100434E-5
