7.350331835396637E-4
7.877396837512139E-4
8.441964449565918E-4
6.822417521625532E-4
8.137341482129045E-4
7.688046191910554E-4
6.502204889823339E-4
7.697061290533305E-4
8.631582465754227E-4
6.622267161572642E-4
9.565284840442209E-4
7.041585762733351E-4
9.519009168872969E-4
8.332452312797026E-4
7.550846388127432E-4
9.502738289863671E-4
7.488874014962211E-4
9.476678153539075E-4
7.367474324326651E-4
7.468452433958146E-4
7.359883747876723E-4
7.453276165899254E-4
8.950273264867392E-4
8.196778548970169E-4
6.770151299963284E-4
