0.008939987240246805
0.007782750786722692
0.00858832579399782
0.009023907747235653
0.008062700452150753
0.015433298177810265
0.005809583078888625
0.006893973407091192
0.008368023866962643
0.0073624667579573755
0.006755277956495442
0.007361395022817782
0.007490023388090461
0.008571174765707276
0.006972024853096864
0.007275303497092746
0.008814327005695621
0.009104625671904953
0.17779278295197473
0.008286964894361166
0.009107143081845653
0.008114669288752818
0.17774774529677462
0.006676502135318008
0.008645129797233086
