5.353455369471578E-5
4.8605517572947885E-5
6.965925663218216E-5
8.277890892320128E-5
8.591627695455029E-5
9.442340843729977E-5
7.078830444220558E-5
5.5599363241951106E-5
1.1369360137599808E-4
7.203641263832732E-5
7.55728466620002E-5
5.154100697736974E-5
9.856770997218E-5
6.270960616330634E-5
4.420043738973929E-5
7.795835155743976E-5
1.3783213741497047E-4
8.896455969428222E-5
2.5885852902042846E-5
8.372205940510656E-5
7.010646061838753E-5
7.108487134102917E-5
9.332509937507903E-5
7.392524622514605E-5
7.383597797156725E-5
