6.935935759812559E-5
7.373315544649023E-5
7.299111911856114E-5
7.181443383161558E-5
7.295146618287185E-5
7.812549469224419E-5
7.023626346270281E-5
6.854785850340809E-5
7.310278862074947E-5
7.611441342139858E-5
7.17202061010992E-5
7.072915261706102E-5
7.02529536488197E-5
7.72490250110256E-5
7.373292250187071E-5
7.684845371250159E-5
7.228173837791883E-5
7.122582950799555E-5
0.0016439947849417628
6.941925930719011E-5
7.359640873734627E-5
7.377335457182314E-5
0.001642170786114031
6.803167326848133E-5
7.94767053505331E-5
