0.0015627388511917732
0.001608071894854661
0.0016745074309016687
0.0016666157715170067
0.001779321405763974
0.001811379667963401
0.0015687577009672884
0.0015068619193235166
0.0016842545682218923
0.0016390137633628126
0.0015956943177837504
0.0015257784516341478
0.0017055814948241823
0.0017466671191326793
0.0015206019815001378
0.001879892688748207
0.001711748198233407
0.001637599260724732
0.016489223469818536
0.0016177639369350976
0.0016802580589149216
0.0016830268728212506
0.016481464122597114
0.0016002238180370463
0.0017241244041528983
