0.013474051412418975
0.012590204957981688
0.019528401569694265
0.013341799718488312
0.015263707742177779
0.014367587636587076
0.015347473288867541
0.01198436797860325
0.01414499620169074
0.012294410169234493
0.012331758345816402
0.01181785841368127
0.012157427088957673
0.012571519512132867
0.014206845953378733
0.013136240777889163
0.01658675599789866
0.015691114828033537
0.015291327060226734
0.012877705157785524
0.014412514037517976
0.012476681358986164
0.013624599337077492
0.011641267433651792
0.02055137674426255
