1.1860149603973984E-4
1.393365509930177E-4
2.1488858744775376E-4
1.6281746887540389E-4
1.379955561439883E-4
2.0032989084435161E-4
1.4262528086345707E-4
1.465551940467985E-4
1.4510415512284335E-4
1.426566934852346E-4
1.3921588700991565E-4
2.690738157439788E-4
1.5017490849643288E-4
1.7816933629112239E-4
1.345861298224906E-4
1.4844178624293442E-4
1.5672405756093617E-4
1.1092464076750975E-4
1.0626828664993024E-4
9.964010918745364E-5
1.478676192694683E-4
1.4634930506219796E-4
1.2690645016845986E-4
1.628878124068941E-4
7.664687138806088E-5
