1.0003376369143764E-4
1.08409711863785E-4
1.1454042020795823E-4
1.0916990658450674E-4
1.1243569770428316E-4
1.1718048270626126E-4
1.1739316187583695E-4
1.076139809025423E-4
1.1489802857551295E-4
1.0966578370032928E-4
1.0903691394690412E-4
1.0900315010475241E-4
1.1226641758096244E-4
1.1382490761150933E-4
1.109831450731617E-4
1.0429259673146637E-4
1.1995837813941799E-4
1.082713604794578E-4
1.2420522258752353E-4
1.1172033528728408E-4
1.0947636761770907E-4
1.061676566749334E-4
1.1099213446315862E-4
1.1562615323541734E-4
1.223513105440431E-4
