0.0031616987504235615
0.0033185553560155043
0.003653970940196468
0.00334163254689163
0.0033382679351376733
0.003841953107254121
0.0035957993928724314
0.003507654729511882
0.00353577829727858
0.0034847707965212863
0.0034748547897801773
0.0038020043089371128
0.0037101322092853444
0.003509533948200927
0.0033349340229485644
0.003560902508276101
0.0035308372085943855
0.003315643927344313
0.003657215150106195
0.003595502902194594
0.003572505642236536
0.003241228814339636
0.0033540749452854396
0.003582958695664384
0.00326126428720243
