0.01711992278425678
0.014854519813917944
0.011681660559718893
0.01071030901905734
0.016637880259060545
0.018279278877547656
0.010785358276261814
0.013250994906570945
0.015921904472746884
0.01381401571617924
0.012909479124802892
0.014869302842100307
0.01131618446374566
0.013201024355446789
0.011729036257520586
0.011944023329381492
0.012328260176228678
0.011208847571661296
0.014157159983806678
0.014688159822891844
0.019503941870317926
0.013615902510091815
0.01265982415314737
0.012173177230283772
0.013057928801620045
