1.8373823171828008E-4
1.77743111797086E-4
1.4897934161264189E-4
1.616825101147371E-4
1.9550767274454883E-4
1.913448829133489E-4
9.52118481015776E-5
2.211580092953326E-4
2.0215164380830774E-4
1.274010021898206E-4
2.4766006548063233E-4
2.798095877898601E-4
1.380577290735906E-4
2.3147080095544176E-4
1.6019885478377752E-4
1.0531484791178191E-4
2.0871848907372693E-4
1.6613541961499602E-4
1.2801316751116697E-4
1.3041957709934935E-4
1.3520515648606928E-4
2.2343238097883713E-4
1.8842989559508894E-4
1.3609113832359666E-4
1.8509804787585234E-4
