1.158969959428258E-4
1.1710833585927684E-4
1.1094146870004974E-4
1.0835918907303742E-4
1.1919173162303396E-4
1.2012531707006873E-4
1.0715750956225817E-4
1.2081689540444834E-4
1.1775818430511164E-4
1.0554779177765207E-4
1.1332963545145389E-4
1.1939208105137226E-4
1.0956313211430605E-4
1.1863530432736011E-4
1.0352313777640917E-4
1.0576192971435298E-4
1.0931371696798577E-4
1.1374439806377068E-4
1.1461269081582897E-4
1.0917072720826122E-4
1.2906881027879768E-4
1.1533189679697166E-4
1.1717855211424009E-4
1.130157268953057E-4
1.1570585687540718E-4
