0.003925535841433075
0.00391801493124004
0.0036900970500940307
0.0036822698517242447
0.003973060420565389
0.004016475255908462
0.003402719872582503
0.003769244471112887
0.003785897263578634
0.003480335073691218
0.0037696491994816165
0.0038429789731159276
0.0034535178809784466
0.00392682312185954
0.003699239828366442
0.003155472763641186
0.0036687626371271443
0.0037868293585783266
0.0034457111994352133
0.0032174722142321124
0.0035352940873602514
0.004280772334015768
0.004040021781029814
0.0034942840837737794
0.003917909125728191
