0.9354826391998117
0.8768400217289307
0.8724834947119777
0.8640205541987549
0.8808709199418321
0.864408401263257
0.8681127595063873
0.8660340265331112
0.8736279020219151
0.8768056109262535
0.8630161870434733
0.8775346497380108
0.87710751476016
0.8780994169793324
0.8788709953904623
0.8587138262575386
0.8686239420756078
0.8722425352119669
0.8765255321279533
0.8712928884255433
0.8617694894506918
0.878498266783086
0.8624057830209022
0.8612730923023404
0.8694723177181773
0.8761049049347786
0.8770961765772499
0.8732855215773042
0.882182884635408
0.870692233801774
