7.508831361413516E-4
9.77060773889777E-4
0.0022376164311638013
0.0013937841382108097
0.0010451156451154818
0.0017879876365422386
6.168232151805381E-4
7.575335648046533E-4
0.0031268603946935526
0.0015316404995781893
0.0011486783508001574
0.0023360058751682937
7.615433097046719E-4
0.005992205733076893
0.005946193321828957
9.056293816100015E-4
0.005085997935931162
0.0010586771869614273
8.903849512952093E-4
0.0010943350566126123
9.426512409396808E-4
0.0019297028906514648
0.002694605948413824
0.001342256254474119
4.3572011900103576E-4
0.0015168335568650371
0.0021236011359135974
0.00244413194525312
0.002054244021047514
3.5640310976683596E-4
