0.7111444070244649
0.6971457927923157
0.7306560997412255
0.7278802631745296
0.7311582886564478
0.738389041064996
0.7272552227600056
0.712676558178622
0.7121151542998984
0.7047109032103329
0.7397880421859583
0.6976368309475616
0.717819665078934
0.6908138222702017
0.6906617168647574
0.7315258687136442
0.6981470566048721
0.7179697085966213
0.7452010332044484
0.7276696769998574
0.7045432836214393
0.7306034524772335
0.7023646866157468
0.729669543716454
0.7329021954350484
0.7368803506456462
0.6997019246989419
0.7314408985996954
0.7138777977095802
0.7412379980618422
