0.007641010601634005
0.007989637812414904
0.002719030198628475
0.002810020636057519
0.003539857514102503
0.001509693198271287
0.0050218622813587915
0.007646125418751816
0.0022083845129166235
0.007315812647839243
0.003260809192904425
0.007879911956438767
0.007459597926219162
0.0031933124107931124
0.007914875947556901
0.0047143859830801795
0.00612036960361876
0.006655036527628768
0.002610848309742639
0.0035119410134819874
0.00792811334725778
0.0019428558762511728
0.0034307743633189966
0.0016780182146230592
0.004804889872888961
0.001247839261843221
0.007666697627541591
0.002186080298896626
0.0043517957895150144
0.004522517474623567
