0.014294546997896524
0.017781486487172135
0.011859950397435792
0.011464220997532835
0.010228330558906993
0.01081128085241576
0.010134175841610376
0.013819381812321426
0.016335186895131942
0.016124391084884632
0.00871843359739889
0.01811074389619587
0.011905128380175352
0.031090940282964868
0.023009453701744915
0.008822722618865695
0.019967261887308494
0.012003400277357213
0.008025854738484777
0.012396345891970627
0.016372941350519147
0.010893321810789424
0.019518154706911397
0.011292387812679194
0.007977535743192805
0.0088884178185634
0.017557083536830508
0.012050775627311073
0.015519505362687758
0.006284987430247534
