1.0733820632276065
1.0125015688954655
1.182346158428487
0.9030999487003228
0.9660300026064107
0.761567740660643
0.9818244103906104
0.9662354227247678
0.9880812809694198
1.0316794682167008
0.975870229010878
0.8833497706237058
0.9561719230247012
0.680217170433205
0.838387708796305
1.0460647241462195
0.8215674242984172
1.1049612756801765
0.9541498316249609
1.0998145876318246
1.0962670247239015
1.0253080817730864
0.8927085618499839
1.1150813001722484
0.9336559771216527
1.048669978724388
0.9222121806803693
0.7906704082180843
0.9863004668140282
0.8998309283465203
