0.4468081040625501
0.4469849314730678
0.44574856010661573
0.44851152281787293
0.44611568285758996
0.44949493508677246
0.44627657379478847
0.4472397940026732
0.44670689621805465
0.44724798844916186
0.44901202575288685
0.44608060622334833
0.4465057589915741
0.44592746432365243
0.4475475323951732
0.44643412052412157
0.4465408258360603
0.44825019721921894
0.44798430725824634
0.4466525603266302
0.44620492182393273
0.4474268705629449
0.45005034381945386
0.4467360979520601
0.44605470511232725
0.4463573345664407
0.44726501018076076
0.44685583924551964
0.4526030491643934
0.44824596317297216
