2.19055713683769E-4
1.0687479137584094E-4
2.020486126711646E-4
2.030204668884409E-4
2.0677526325487403E-4
1.9178473363692106E-4
1.7150550862762859E-4
1.6393017879371896E-4
2.0165764908986776E-4
2.275165391740902E-4
2.6905247303273287E-4
2.1212186618942323E-4
2.1404507991552328E-4
1.8867973409201756E-4
2.3702832566729881E-4
2.8802218203713886E-4
2.1526766850126785E-4
2.2813815393573952E-4
2.16275146062005E-4
2.0548923806092367E-4
1.6546690696103478E-4
1.6962393610237607E-4
1.8678927433978229E-4
1.9624704791805405E-4
3.148383424984957E-4
2.3270716732935005E-4
1.6860643991598826E-4
1.2052569723172613E-4
2.963790423101801E-4
2.7483832914016604E-4
