0.5340842007040886
0.5340104142472087
0.5338704525571872
0.5339727651488405
0.5332320869443504
0.5346777646067371
0.533927612920542
0.5339475329751716
0.5337700467938147
0.5333419630571955
0.534001053679039
0.5339117593532345
0.5335088119505148
0.5334734877207538
0.5330719133591728
0.5333631491822344
0.5341696769667046
0.5338106826640101
0.5336484414142182
0.5339321301123948
0.534133004497989
0.5348145061565162
0.5337972514658598
0.5334085153367408
0.5333670909054646
0.5337471501342513
0.5338513696406048
0.5340833393416715
0.5341563538567969
0.5337019895015983
