1.4948607971967064E-4
1.6369842777532866E-4
1.654538871949331E-4
1.6410322421622162E-4
1.90487142462172E-4
1.477682473201951E-4
1.611974785154512E-4
1.6760950054066617E-4
1.7660337932234903E-4
1.7189928280627968E-4
1.6548927511344963E-4
1.542708723885048E-4
1.6460265993552733E-4
1.7554215282578541E-4
1.7069575212932974E-4
1.8005934786637106E-4
1.632861622444934E-4
1.6113475102361058E-4
1.6542376321184116E-4
1.5611995742911665E-4
1.627508794026435E-4
1.3829559844018036E-4
1.6111590984668766E-4
1.766198579376544E-4
1.6782940958680236E-4
1.6455232368136477E-4
1.7042569050437672E-4
1.591858434406978E-4
1.587572274898998E-4
1.6315758316836845E-4
