0.0035778274326317095
0.003666356911407264
0.0038091362124019544
0.0036881055807930214
0.004137536402842477
0.0034093718887351124
0.003751293636800765
0.003722581806463491
0.003843143422592332
0.004153931406997357
0.0037141512965766306
0.00371214589766547
0.00383815306056903
0.004021292309554166
0.004207469902876206
0.004092173328583423
0.0036235599804562675
0.0037204985907542724
0.003808991255727483
0.0038074171808930696
0.0036563649238894862
0.0031891412024958182
0.0038444522126188886
0.004014368912085224
0.004132556443297348
0.003746700080180711
0.003846543892314908
0.0036144631639764067
0.0036196428296707563
0.003911997163313328
