0.37769227436800146
0.47096383862604285
0.4205842355629143
0.43941692251774056
0.5177111931309161
0.3570223330017347
0.4210090528618545
0.44816900743257104
0.46136313162258835
0.40527536296319683
0.44813354887954404
0.344387994264385
0.5019441631234117
0.4790606235823517
0.41365779902681155
0.3914563605651747
0.3857096824233774
0.4580101746034209
0.42350588703211095
0.41238238130731625
0.4344006579365591
0.33778274267840225
0.4084176912274769
0.43398384476467106
0.4451110092103883
0.41970507786452516
0.45480272389897347
0.4370767123722421
0.3862810489334289
0.43735158968872856
