0.003647382992626347
0.0036032253660172042
0.003394435844528698
0.0028575872306884076
0.003706464330182513
0.004476424442747096
0.003300259949708506
0.003325747707662474
0.0034027520932507563
0.0030935787240577994
0.0044512082192735836
0.0047169737330833295
0.0038102497021379467
0.0035248549761355275
0.0024321066459549456
0.002556372824814135
0.003856389406002081
0.0028036443856648274
0.0035909139046755856
0.004155916826248718
0.0034023131676443885
0.0038013387417441535
0.0031019585696601126
0.0037637896057387543
0.004251670688585785
