2.4550439062021207E-5
6.434293615244876E-5
4.765160419234438E-5
4.3266683432564626E-5
3.264549828448171E-5
9.430224034766921E-5
5.060708525777316E-5
4.88126991451042E-5
5.464220516509498E-5
6.210310909330368E-5
1.1177487964633042E-4
5.806124111474756E-5
3.803916223497621E-5
7.241700219312312E-5
5.305369752866127E-5
4.0091313893625976E-5
7.290499636388971E-5
6.047523006499697E-5
3.877414119987787E-5
7.37578158171461E-5
4.4435645134303215E-5
5.9514073076080004E-5
5.9440301270924535E-5
5.7557521179861514E-5
6.594449173270751E-5
