0.019792995264622967
0.018469545632227684
0.01931552544509629
0.018380608937694047
0.018569649707016717
0.020664550547772397
0.01944531216030909
0.02005373931484074
0.019263925804346077
0.019155583338900963
0.02089928668364274
0.016484981753312214
0.02050112420132521
0.018098318448024047
0.019274965048543213
0.019455427430951324
0.017965133892678113
0.017618229062722958
0.018153351435632088
0.019345321418966
0.019861665883359997
0.019650048151374843
0.0176734765131374
0.020758262972140076
0.019044386358596996
