3.356563703336434E-5
3.372468042853781E-5
3.201959291663774E-5
3.175253479490479E-5
3.445838545913953E-5
3.577952747002575E-5
3.2064112336819294E-5
3.396432381287661E-5
3.562603840685205E-5
3.391379091538014E-5
4.8749532833876E-5
4.1267230263233275E-5
3.42783517493209E-5
3.73066509292089E-5
3.2593993859303366E-5
3.072100670101862E-5
3.7546145698040325E-5
3.3788417468446696E-5
3.656485671577619E-5
3.770605052059837E-5
3.0678278923708816E-5
4.23588228458687E-5
3.15449184575704E-5
3.67310057500687E-5
3.851914382991841E-5
