7.270870153039886E-4
7.754014228752302E-4
6.606548285381401E-4
6.805288009066096E-4
7.246391594445683E-4
8.257235853499873E-4
6.83134833664606E-4
7.042340148585302E-4
7.264064696939608E-4
6.379251983036149E-4
7.616943498774115E-4
8.823367014175063E-4
7.966330621058119E-4
7.088247663012057E-4
6.453376425882997E-4
6.842214422072828E-4
7.518065496492671E-4
6.364930409858228E-4
7.45826415916387E-4
7.921644052455467E-4
6.62312310481856E-4
8.108423053310247E-4
7.048816642420363E-4
8.206903661313244E-4
8.148666600016707E-4
