0.025864206962378587
0.023308941520118344
0.023935743177872504
0.03019060135748275
0.025515548082960568
0.02618379138557048
0.0233505346852817
0.028966354060691285
0.038159531680313614
0.06589348410984054
0.02912792475425685
0.02389900123933586
0.020084398305189877
0.03999192602406354
0.02634598301763247
0.022328861601940364
0.020991760732714616
0.021395536613587895
0.029090081771365628
0.01866977417702853
0.020408273407851785
0.029818868977876667
0.02345110566605058
0.02647597280031533
0.027256827764576275
0.026221992975505384
0.02157814288350579
0.019218595604489477
0.021301512100239894
0.027954239370704233
