6.613702380675543E-4
5.039434766944026E-4
4.492084874965078E-4
5.184518379735989E-4
8.268800359251219E-4
3.9609989494547007E-4
9.11745533703661E-4
4.6735834485659886E-4
5.333082316193183E-4
5.201104588789551E-4
3.722998743681402E-4
4.2219503694234826E-4
5.33671353646488E-4
3.5389560784208977E-4
5.062195760988181E-4
6.068955277653258E-4
6.588006135417293E-4
5.318717628185143E-4
3.799520761428815E-4
6.785151885842929E-4
5.179028707727808E-4
4.238948800938198E-4
7.596473888888218E-4
4.837171762042769E-4
3.9545642719973585E-4
5.566943668036114E-4
4.5167327648175425E-4
5.959315394571744E-4
3.52518954388664E-4
6.457257794871778E-4
