0.29630913889611427
0.29834376507169685
0.29423810660652727
0.29408147935123674
0.29667324085784635
0.29648240718640684
0.2949832101083413
0.295752257190658
0.29490620992155914
0.2955235598817973
0.2982518462859756
0.2973220607901473
0.2987551078598538
0.2921171006961177
0.29691047179952545
0.29663971488598
0.29166739951332327
0.29328907248267555
0.2967888515686434
0.29724458814737387
0.29671748300713635
0.29382044657776024
0.29689058593820344
0.2975490254528758
0.2975487614056382
0.2937952144082933
0.29681193586158816
0.295928704983823
0.2974264639378138
0.29566090232294584
