7.043126379053165E-4
5.935682389524101E-4
6.592194664549051E-4
6.91629597878679E-4
5.708916378096855E-4
7.143422875002417E-4
8.129315667803592E-4
6.668516328298585E-4
0.001069596446752766
0.0010119959791357696
9.55821495426825E-4
6.016496930496436E-4
6.559898722625655E-4
0.0013501728693194835
8.782365476901628E-4
6.695036306095577E-4
6.352729016928192E-4
6.718868959810232E-4
7.080050331383761E-4
7.124934518198614E-4
7.221788602204295E-4
7.550722619721353E-4
7.115984415431329E-4
9.701271670280887E-4
7.450669153578716E-4
6.211331420287175E-4
9.123611565584456E-4
5.33389826189082E-4
7.402831074252587E-4
8.480762213694576E-4
