0.007885191636418163
0.005882634338995929
0.006617053387629697
0.006611462412623917
0.007331031039628704
0.006043187879932751
0.006849206812579622
0.006644909964868687
0.007925774440524757
0.00953407217092093
0.006252620946060641
0.006141991239556883
0.005985553839727666
0.00803236891857509
0.007285878149692776
0.00709433370018455
0.006949235702465948
0.006727317811348771
0.007252101427864975
0.006300949017755996
0.0063393798339768884
0.007238168960252108
0.007226844118035875
0.006720343370251661
0.0065452108746770175
0.007407547231058526
0.007572003508403619
0.00615675136883612
0.006265639410334285
0.0075850039775450205
