1.2437442705278519
1.1428639148097919
1.2401244802723337
1.18228466284629
1.0750371660324987
1.207834737779537
1.269174610359092
1.2744561562406804
1.3454468996504314
1.3208698356930164
1.2217661258505454
1.215691399634053
1.1955248397902765
1.3709526430630412
1.2847959784334146
1.2450887137201667
1.2255649120493635
1.2308965283315965
1.2914270777664147
1.2012389160290655
1.183745932858107
1.2300730704426834
1.2020085537323273
1.2123184520409447
1.2726657226596991
1.1885701980685264
1.3216321920148844
1.1468045707371497
1.3241697759161961
1.282202073325073
