0.008178112276994054
0.007128995656377146
0.007755735184181933
0.007862518402967367
0.013315225926197848
0.00702558958112709
0.007194444912040687
0.008960673074157197
0.006381999659298199
0.007726337067463063
0.00926907319737541
0.17772491982342642
0.00754833577226488
0.00893090569909357
0.010626132159042179
0.006485658308442943
0.17764586592545334
0.007409294202117778
0.006092643644334705
0.007257619698544238
0.00920686506405971
0.006372458748642534
0.007447145340941652
0.01115554014569936
0.0065838931812942925
