9.035740155721471E-5
6.906076043367516E-5
1.1173042576806743E-4
7.504223254452106E-5
4.4522254581467254E-5
6.074893655633489E-5
4.31891696739922E-5
7.970778817395223E-5
8.048656965841875E-5
6.760529788996052E-5
8.411217421991574E-5
6.38365570236254E-5
5.847603062859255E-5
6.332293608294297E-5
7.204621331770903E-5
6.050137868611317E-5
4.4099636766224065E-5
2.1417415532705197E-4
8.425570003017163E-5
9.417122571162008E-5
5.5871580646215626E-5
6.392231529256222E-5
6.670544560489281E-5
6.367304008050238E-5
6.790413173877433E-5
