7.23867468438036E-5
7.195384931381457E-5
7.234423114048861E-5
7.033439840510213E-5
7.741202948897712E-5
7.328041440051772E-5
6.953309005953303E-5
7.096070123008245E-5
7.023536826308094E-5
7.36096048785672E-5
7.571877070487027E-5
0.0016445223773939614
7.108489856864854E-5
7.45511948561801E-5
7.516349435136401E-5
7.519113649169935E-5
0.001643487197699843
8.040360974030598E-5
7.613802517033237E-5
7.06892918938546E-5
7.128524649887454E-5
7.397852820191029E-5
7.363107823102378E-5
7.271127567129885E-5
7.132374971019999E-5
