0.0016347973225795992
0.0015346461043718464
0.0016430661576080287
0.001550525454378825
0.0016453439148452478
0.0015559072063520494
0.0014639918185930486
0.001678946542425952
0.001514299320259393
0.0016683379695494357
0.0015639316459538093
0.016465391487341486
0.0016584124994416917
0.0016078756384280434
0.0016192329650001301
0.0015405603584564649
0.016446850368441287
0.0016398776202139389
0.0016270519955290993
0.001612585744208685
0.001599213620710134
0.0015366264852645557
0.0016321266409825062
0.0016215410829110075
0.0015320799121274922
