0.010659133218820449
0.010815794519474398
0.0125659979949313
0.013041648510174586
0.0110181823150468
0.012738065245829544
0.016604287708089582
0.01241896879795451
0.010323607264417722
0.01175151161938709
0.012189909963772005
0.011416626027034527
0.013715580458805499
0.01366569921355143
0.01289910962303481
0.012486140203811905
0.013169618546600231
0.015327524190117958
0.01467700936752353
0.012036404556656333
0.013832294933463107
0.013294208981644018
0.013494872396239449
0.011745452537543222
0.011849176967427405
