1.328584623814433E-4
8.870714027243722E-5
1.2631746191498378E-4
1.236658422485051E-4
3.063139330745299E-4
1.3744193002392346E-4
1.1940197592402581E-4
1.4268585871198756E-4
1.2098029677922877E-4
8.058607859536479E-5
9.316220375244291E-5
1.264181851888425E-4
9.050325282863589E-5
1.3893469214677022E-4
1.1264052686622623E-4
1.2481521012323545E-4
1.8086821235681273E-4
3.030934809289295E-4
1.5516099773096387E-4
1.0507627363674287E-4
8.383196669152098E-5
1.971137569771976E-4
1.687609211673991E-4
9.569966539319403E-5
1.4823501192108479E-4
