9.528475934366042E-5
9.915841318023285E-5
9.91171103777963E-5
1.0947355439073772E-4
9.981033947601496E-5
1.0198988562958126E-4
1.0044619895765643E-4
9.876633312269196E-5
9.818117787428914E-5
9.244177014262549E-5
1.019805781914738E-4
1.077529604602937E-4
9.766329529956632E-5
9.979937066096741E-5
9.818615740557143E-5
1.001959611404365E-4
1.0310239373466085E-4
1.1421205357969916E-4
1.0983195430948766E-4
9.862424482599071E-5
1.0202253379204539E-4
1.051364780220475E-4
1.0214593596109777E-4
9.785735745377227E-5
1.012694422566233E-4
