0.003173083330414485
0.00291048012858697
0.0029743414453915454
0.003238773163650615
0.0029329780034125564
0.0030416456167075456
0.0030693171032820975
0.0030083739059290253
0.003053169764133368
0.002875350737443895
0.002965370301416416
0.0031200207573047665
0.00314165384745714
0.003120692989249554
0.0029888190374424933
0.0031090342947864137
0.003148223881988468
0.00339317775854863
0.0031773574086243423
0.0029741734946460534
0.002799962831322184
0.002984987826117619
0.003115325235238264
0.0029175860134134347
0.003076284068074708
