0.009840945375721888
0.014962613372172973
0.01314561671699662
0.014991512986111122
0.016544387794193538
0.015428389434577638
0.013427368796845474
0.011985883850917034
0.015468649102990964
0.009105056471545803
0.013209189499311269
0.013148043502489215
0.012572024304556728
0.023641631621791337
0.014794364240352964
0.011024778370738564
0.013261430276131803
0.013044920558329592
0.017227816705293164
0.013894238420189775
0.012645992720056953
0.016877175266908573
0.010138737370498974
0.01447560173995499
0.012977331412866916
