9.648188495969842E-5
1.987264481403593E-4
3.1194277263581834E-4
4.436459968522697E-4
3.5057346476893814E-4
2.3567917570827262E-4
2.884569415061272E-4
1.5962772642805114E-4
2.8583352471037366E-4
1.1833952788804569E-4
3.301491346489602E-4
3.129183968239629E-4
3.2824801041528984E-4
2.6550663264386773E-4
2.781604340402558E-4
2.3256456395029978E-4
1.6978516161063464E-4
4.379264054163438E-4
4.0096711665546704E-4
2.0728918340052406E-4
4.129761176701416E-4
1.0017904225670702E-4
8.139940183619142E-5
4.611559006901104E-4
4.403504491490994E-4
