1.6173670448249832E-4
1.7764532551704622E-4
2.0299009786505748E-4
2.1476639685261416E-4
2.0254237318878508E-4
1.795359489449144E-4
1.8549971315761504E-4
1.6857269495508062E-4
1.9766904109809935E-4
1.617600582652094E-4
1.975910148944727E-4
1.8888172050957663E-4
1.9090979119190934E-4
2.0732045694312574E-4
1.9177697087155793E-4
1.7548844972866824E-4
1.7784619792148766E-4
2.0226553827704276E-4
2.1237049528858746E-4
1.7457464046209797E-4
2.0309949371774232E-4
1.7500095342291288E-4
1.587411659420447E-4
2.1075730981735165E-4
2.111927941518975E-4
