0.003033562215681545
0.004094036821746251
0.005304465149773591
0.006314602840030536
0.005522727152944676
0.004472269067467023
0.00487775723513319
0.0035787199080726676
0.0050313009222073424
0.0032456615055773594
0.005225271302807787
0.005191307955926166
0.005215220386802885
0.004914990467918661
0.004850283220760465
0.004317937635980092
0.004084286812788151
0.005895042366526076
0.005878767963783207
0.003989965745413729
0.005855415057968851
0.003286466658719413
0.0028922287811271514
0.006239854352310409
0.006321045151952046
