0.013814995266370672
0.011510198245204079
0.016317454756931693
0.012437417775729709
0.013469717613412646
0.014742663761479813
0.015092791275279127
0.011962922295002731
0.0141058647240212
0.021362638145411256
0.014009508905725054
0.012016943159408211
0.0113747140990242
0.01186787091655539
0.012557774579925268
0.01314197779776241
0.015940902397928614
0.010918540096944596
0.016382244915152222
0.01957113282620332
0.013767613280278812
0.011619784861000154
0.010658985937488819
0.012719705234726458
0.012723736860638837
0.015049249147721822
0.011052126482282487
0.011222752751547535
0.012759464833604184
0.014046779582052693
