1.8745860979948914E-4
1.6195486816286236E-4
1.3990372893344E-4
2.1414444027046745E-4
1.788919948385723E-4
1.7183621439044713E-4
1.7341281075213173E-4
1.4480130195290407E-4
1.167781160287211E-4
1.9710838718044933E-4
1.808752196656158E-4
1.1780032131984069E-4
2.043948056142216E-4
1.3107662627378572E-4
1.5719474255378185E-4
1.5956172873648873E-4
2.1847548328833577E-4
1.3111403871879032E-4
1.8222899547750066E-4
1.285564663953167E-4
1.409898674071634E-4
1.535748949718535E-4
1.3121345743843618E-4
1.6063332903255538E-4
1.3773308176528328E-4
1.2264655243026407E-4
8.725767421029982E-5
1.6743634428493254E-4
1.5474872056699828E-4
1.4190521561243687E-4
