0.8096661850243979
0.8099356937690126
0.8098351951791549
0.8091891750655545
0.8097022865279078
0.809607929012404
0.8098794239627773
0.8098382066717618
0.809986269664644
0.8097715104942891
0.809427650714134
0.8094513322573024
0.8096469395831332
0.809710169307207
0.80900452657811
0.8093884367938695
0.8092374719923019
0.8099468412615781
0.8096364323543984
0.8096539387981719
0.8097143124594774
0.8094856743873831
0.8101447262248809
0.8098279940104682
0.8095501170804834
0.8101932284455887
0.810209872950823
0.8099319057312185
0.8095283406630543
0.8094833610190845
