1.7194570152272645E-4
1.6233502958792531E-4
1.6377825593149155E-4
1.7441593547517527E-4
1.6928479358665482E-4
1.7147720317989287E-4
1.617063175602925E-4
1.639109447217771E-4
1.7019225124454183E-4
1.610141784314042E-4
1.676811126396983E-4
1.8343064381380692E-4
1.7865260843455842E-4
1.7417852136425197E-4
1.9087041346826472E-4
1.8176919067416098E-4
1.7126829341886015E-4
1.6239406409190502E-4
1.7555426710124853E-4
1.8935894565324949E-4
1.6768271335119184E-4
1.8226763542688638E-4
1.7796180323891337E-4
1.6701030764043875E-4
1.616250583590237E-4
1.5104674554945762E-4
1.5952597646680088E-4
1.5741090351881833E-4
1.6916252700862046E-4
1.8293638942440234E-4
