0.0026411037669044997
0.0024539881020742287
0.0024994521910118835
0.002854398417921457
0.002610293218764791
0.0026582363945949878
0.00250299518333639
0.002521759171965325
0.0025133749553957916
0.002591005105288571
0.002761512809810728
0.002629965490635619
0.0027065774161587736
0.0026666848762175953
0.0029140394717813174
0.002767294759134822
0.002799748369920275
0.002500171307523023
0.00256106776961691
0.002605116856371107
0.002630261443253227
0.0027274643677889774
0.002342390916614687
0.002559524713539935
0.0026908275498115143
0.002347490669034656
0.0022910925793509667
0.0024401241635683022
0.002733710904706114
0.002669270775304155
