0.4200499384215382
0.3764605626260271
0.39822408945455684
0.3771319890347176
0.39231374701321853
0.39346304457865516
0.3576269943478726
0.3867312102390952
0.39952663359414725
0.3822725133774884
0.39199255709513436
0.4213080878998703
0.39171719723413395
0.39537887302466
0.4021332036289693
0.45584468871120337
0.3875002423438013
0.3928911435797752
0.387950964520132
0.45346363449843935
0.4125582097251779
0.40862465281387944
0.3996574624335585
0.41675255800826816
0.4026783523355449
0.3320756922995463
0.38385668144645185
0.35515439147473565
0.41465041162469685
0.46436992146553574
