0.5173196858306647
0.5175718632836445
0.517751287650784
0.5191871543857614
0.5182545999961823
0.5177461927066891
0.5197666155837868
0.5178130873591251
0.5170728658994521
0.517828355391019
0.5188485414610225
0.5208480732906524
0.517506147958578
0.5176292801214395
0.5175078663170772
0.5178099215754186
0.5179307554467105
0.5171593026430692
0.5171200258185392
0.5177452818407463
0.5177355175489062
0.5179049351254331
0.5175788786526201
0.5178550834286706
0.517457807287406
0.5187023560939369
0.5183761820079733
0.5210863838332934
0.5190899249584238
0.5185245971136596
