1.7653590035436134E-4
1.9998072441007185E-4
2.4727437982276863E-4
1.8662265504193164E-4
2.2536181677188473E-4
3.040307487057443E-4
3.7503014905463413E-4
1.9393970695050108E-4
3.0558123599383464E-4
2.1965206267638083E-4
1.4193685252509902E-4
2.030307700933977E-4
3.1507076746329114E-4
1.7732325492561177E-4
1.9496870480049375E-4
2.0021138896810487E-4
1.9768632660659147E-4
2.0610886083301003E-4
2.3021593293479214E-4
1.6685733704428695E-4
2.4047354054861788E-4
2.5052364229329364E-4
3.157386890748607E-4
2.1259536609755095E-4
2.0681959143885702E-4
3.4794511605154435E-4
2.5339634551903973E-4
2.0842561563516571E-4
1.7131942384337177E-4
2.7724603614111824E-4
