0.5351321337913163
0.5349007386235329
0.5341833725554858
0.5351247234590037
0.5343583745845695
0.5344196813944563
0.5343880107886725
0.5352587145270387
0.534931502663266
0.5348536945609252
0.5352228110480612
0.535302665674208
0.534515487539892
0.5344588544784489
0.5346838427754692
0.5351122291534104
0.5345244695374364
0.5347173364982548
0.5343828817022654
0.5351903695242982
0.5346733723799809
0.5346834720609319
0.5344995930026846
0.5345184789669906
0.5343843586742066
0.5349856456498232
0.5348686574631141
0.5345909987215339
0.5349693043351897
0.5343705072788094
