1.606577425467895E-4
1.587212788008221E-4
1.8312024363285125E-4
1.6216515470025055E-4
1.7742991144984146E-4
1.729474347120361E-4
1.8179055515064578E-4
1.5087608995524335E-4
1.616299728764388E-4
1.5891464300232683E-4
1.5208543542280417E-4
1.5432473229221402E-4
1.6536180262873983E-4
1.7912072839360095E-4
1.6827710662891722E-4
1.5369297150866725E-4
1.729564779206359E-4
1.660312568680411E-4
1.8003800888825533E-4
1.5342136078851028E-4
1.69162956912716E-4
1.7129416501196623E-4
1.6680166435708972E-4
1.615158876780213E-4
1.7631340550370027E-4
1.6525049002480405E-4
1.5743338351835982E-4
1.5800102652763212E-4
1.627633182726818E-4
1.737994400795688E-4
