0.0037010111761329807
0.003759296665305794
0.004142638153372268
0.003650717148073596
0.004110910485882634
0.004070006541829318
0.0039891628132359275
0.0034769781333630037
0.0037500590119285966
0.003768307629842084
0.0037256028482615844
0.0035855562320251536
0.003959612339163123
0.003936314171519196
0.003980188743933646
0.0035498875643542854
0.004044393217082594
0.0038242391245473786
0.004036937282420929
0.0036037381282581107
0.003973773787325641
0.003844778401841031
0.003917467110936478
0.003959400022361128
0.004147789138768661
0.003763514056976009
0.0036872909789987217
0.003926596423735324
0.003780945822447522
0.004123784023520913
