0.45041991754317134
0.36685290199478376
0.45628892382906083
0.42421385523389693
0.4130318991777352
0.4370907347169068
0.44429398415681315
0.37731247403273205
0.43606391444595544
0.3476059975924154
0.38699768792902356
0.4136426058125586
0.4539312737759262
0.49237922300084647
0.431028743702714
0.3904107938721713
0.4688516649768561
0.45074342170629467
0.3924063446817598
0.3961223239824148
0.45468272863875503
0.4597980296530914
0.38420878659816604
0.41105965426339913
0.4474583185719192
0.4368621866494934
0.38727858795486947
0.4017455609999686
0.4242292302168081
0.383446419290782
