0.016682447716357532
0.017408377382912288
0.010320882481442407
0.01283094837982346
0.017507746484641637
0.01311714699216171
0.012462468656029124
0.017915125570232338
0.028479257953085372
0.012403459701256628
0.01224775078601853
0.00923194959034171
0.013998219570768022
0.020278187139778803
0.011231133363475143
0.06296391665569079
0.010492421418335063
0.012826172503568656
0.0121106528593109
0.01574329966088192
0.02132023433713702
0.014545602339960481
0.012911971697634445
0.020589307552597164
0.013893463805900702
