5.112065431429905E-4
8.738762364295979E-4
1.590722865282197E-4
2.169427799139108E-4
6.317406538613765E-4
2.8572555885163686E-4
2.7233664087477033E-4
6.977306152042705E-4
5.493768591372866E-4
1.1272983817131299E-4
3.8451231204831784E-4
3.087161428564038E-5
5.644262535572886E-4
3.661934672364831E-4
1.5465899736213739E-4
2.9741616037889593E-4
1.5908216183352424E-4
4.980574599043364E-4
2.920552703785085E-4
6.845755215362612E-4
1.9115064287923366E-4
4.772560150801862E-4
3.302316975214528E-5
2.1661951594381386E-4
3.01107634392228E-4
