2.3731211054182973E-4
3.2578759711386873E-4
1.8354201132175362E-4
1.868832747690125E-4
2.7426054780071144E-4
2.0283074115098865E-4
1.879527035220757E-4
2.8250042796856346E-4
3.0286963707318277E-4
1.7670403675694118E-4
2.092084859304372E-4
1.8213541491799516E-4
2.4329069541126434E-4
2.3599391709626676E-4
1.8043134597993307E-4
6.876180280601004E-4
1.7772451488188396E-4
2.2875712854521398E-4
1.963816209582242E-4
2.7032801033265077E-4
2.3467393850593474E-4
2.2813581292603725E-4
1.773754562768695E-4
2.1967195779494628E-4
2.046570953156111E-4
