0.006572293607369171
0.009772935541382564
0.003603827097591493
0.004197830946113362
0.007827295588165969
0.004723428411426623
0.004256443951123891
0.008205120686378096
0.007003093017535366
0.0031706023911888845
0.005535978870276777
0.002675798742106676
0.006893139379267459
0.005521136603790259
0.0035036222506005864
0.006617236429800572
0.0037219241286440244
0.006300810468577943
0.004810067705201697
0.007877662205185732
0.004280858248108745
0.0061898139751099925
0.002514883917359846
0.004557025309372484
0.004909161368783492
