0.014000215280126516
0.014982027914042573
0.015959362446281267
0.017304384206065504
0.014677761872542994
0.01688919017890325
0.01374831139461824
0.012749350164064532
0.014254580467288391
0.019085540928449496
0.018272368950257356
0.014839205368715191
0.012642032203520726
0.015213324456576305
0.012014242766466787
0.016265666596085804
0.018942604669233115
0.01234745621906741
0.011428544983286826
0.012796264269173185
0.014877450977654274
0.012348462487641987
0.012399747915251558
0.017509431349039845
0.010275140545533579
