3.976384120803828E-4
2.101279193813289E-4
3.495604753581724E-4
3.6578067075065127E-4
3.722149250804905E-4
3.188596382340128E-4
3.1788168657198557E-4
1.4860110296267451E-4
3.4380571863082995E-4
2.881377884850368E-4
3.6773252269003287E-4
3.211663377412332E-4
1.2662342018927782E-4
2.598615440808855E-4
1.6002360455235725E-4
2.726043089629713E-4
4.058140888716363E-4
3.1196444958176117E-4
1.6722911843123546E-4
2.1595065872833888E-4
2.836827994642826E-4
8.852740328455431E-5
2.518009904271854E-4
2.513894876461064E-4
1.259308956624754E-4
