2.0554228902767182E-4
1.7999922379021867E-4
2.0441681149901655E-4
2.092190962343682E-4
2.0354777733287094E-4
1.9437232176559526E-4
2.0049616176606082E-4
1.8789718481886195E-4
2.0179020214624717E-4
1.9652252058542687E-4
2.078417904399024E-4
1.997264271564728E-4
1.7594408138877932E-4
1.9183941978408566E-4
1.7839512566874012E-4
1.973778364817579E-4
2.246311747519252E-4
1.9568746028132512E-4
1.704258799096628E-4
1.8053548960667332E-4
1.9760326563802313E-4
1.832795665560221E-4
1.8462785955315273E-4
2.022060109805885E-4
1.674022332695863E-4
