0.00577453464399494
0.004330089399804236
0.0055412064508011715
0.005723852021951701
0.005728045756008697
0.0051088041316147146
0.0054091411722764805
0.003955240883531792
0.005313438725477705
0.005029720195084141
0.0055762460671262655
0.005359882651553933
0.0035788722294533095
0.004837071268672931
0.0037580084810545328
0.004902447251063189
0.0063204390328594
0.005125258271832392
0.0037296205218570366
0.004293967052737703
0.004994477937212999
0.0031931315174146503
0.004553200554412412
0.004751826460319505
0.003246594189628027
