0.006549660007781677
0.006931082119472187
0.00931234719264007
0.007064885542698018
0.01042758155531931
0.009696371326950337
0.00690505495082544
0.009020888859517462
0.007026381696972728
0.0072840224155777955
0.17793677849050915
0.007982694916054855
0.009530259822413623
0.007085423591338125
0.01121370617094053
0.009076710475132088
0.007841932681947217
0.008519563949787146
0.007004021816953913
0.006462348617182201
0.0073195800873511185
0.007330645715557194
0.007317319539213246
0.006113493099909051
0.007222721142662264
