1.0008970410694576E-4
6.396930834950408E-5
8.237151246080418E-5
1.0535428083495197E-4
1.0061531881076195E-4
1.1098691957936984E-4
5.66636642704724E-5
1.197380784490119E-4
7.465455178920437E-5
8.159722469060449E-5
8.122620900116042E-5
8.02261233127216E-5
1.0636438357799241E-4
1.5762668707082136E-4
1.1426726811767927E-4
7.101835077483349E-5
7.459951986128096E-5
8.892612500421062E-5
6.579569911718259E-5
6.788924698570043E-5
8.15809373781557E-5
5.2736517954098744E-5
1.098832568156212E-4
6.732060387719087E-5
4.362765491352667E-5
