7.385009269627254E-5
6.990296638235987E-5
7.047166850795044E-5
7.44223340925866E-5
7.746452773870678E-5
9.824201812907787E-5
7.03155165509084E-5
7.858404013665099E-5
7.416166643996384E-5
7.554819576314471E-5
0.0016505968924833882
7.285774285409158E-5
7.629743322325509E-5
7.235319082380675E-5
7.927894780406042E-5
7.581956844007207E-5
7.092476380858584E-5
7.431187415196018E-5
7.172679787493315E-5
7.098590432963078E-5
6.694221085040576E-5
7.363698550765062E-5
7.6289565417339E-5
7.610663877726065E-5
7.557622864950442E-5
