0.0016374423922491917
0.0015493304672873083
0.0016749489519326127
0.0017941826763524554
0.0017400947052127501
0.0019199926653022327
0.0015033691512159658
0.0019555715913978262
0.0016455242744301383
0.0016785869549535298
0.016703866911277575
0.00167565974052134
0.0017818334328850499
0.0017007223894320404
0.0019247352697030647
0.0017466470589304285
0.001609365154530666
0.001715749865811721
0.0016205453571526936
0.0014973640839137145
0.001549158338359756
0.0016245687077237226
0.0016748275619327634
0.0016589827111104724
0.0015485873993815694
