0.011277766049908988
0.01444890190537551
0.01364763679837988
0.01176241084055582
0.010549561209877822
0.0126165355452042
0.012107797377020502
0.014267107171674565
0.011036236263316512
0.014012241278182236
0.011192962787743788
0.013444298973666002
0.014608077402423647
0.013385455770216381
0.013965042411825834
0.01564869357839327
0.011269029232861216
0.012155940402274523
0.014198024146401034
0.014408978633554392
0.009736983027763602
0.01150049223452021
0.016771821455641933
0.01494913034858214
0.012992495373052693
