9.867783670408537E-5
1.6466184803382678E-4
1.152377156538063E-4
1.228846006491381E-4
1.593909110746799E-4
1.4951253667591364E-4
8.725693352561858E-5
1.320371541511028E-4
7.289024851085056E-5
1.0483590587658808E-4
1.0173577325947966E-4
9.652162970509173E-5
1.1574270293246796E-4
1.7547920363930397E-4
1.5117213557456355E-4
1.287203994517078E-4
1.2121150275401264E-4
1.5132100196256626E-4
1.3667178176166242E-4
1.4709106994065124E-4
1.8980645168301927E-4
1.4392576553654828E-4
7.65256372775145E-5
1.0910266632438814E-4
7.694088995716702E-5
