1.0094532330096653E-4
1.1762282508091995E-4
1.0902786021183588E-4
9.817502427814968E-5
1.005845320780444E-4
1.0589107076705748E-4
1.0495242398755326E-4
1.0605042003830877E-4
1.0112248067685185E-4
1.1143781160382796E-4
1.0348235503698044E-4
1.0324581152821283E-4
1.01995099423967E-4
1.0791417152423657E-4
1.0423389299910812E-4
1.1164523741242619E-4
1.0197928058190723E-4
1.0643599562615344E-4
1.0487908681680178E-4
1.0335971860503469E-4
9.975502228047789E-5
1.0333943153623178E-4
1.0616371795076127E-4
1.0726277108426213E-4
1.0762176529071177E-4
