0.003252431770201024
0.0038208800749877534
0.0031132452084779317
0.0030662225173612996
0.0032883845331537448
0.003294609071421615
0.0031690658972768505
0.0032256372040994196
0.003000098064359199
0.0032094052419322206
0.003234704792985746
0.0032055314502147515
0.003187828799842492
0.003448292875259611
0.0035168481995638697
0.003231182485740139
0.0028751717432171178
0.0032283391297091048
0.0033722703983027403
0.0034561942495733404
0.0030365424092507697
0.003189006143439425
0.003080650574898243
0.003456588726426439
0.003335422270811601
