0.017070675872939756
0.06478269182189492
0.019363473036076495
0.02011108549327817
0.019532425207208326
0.013715196649737846
0.01464326710767605
0.01822981955847197
0.014329829685407941
0.02380211891425965
0.0540372234943193
0.022262867883135917
0.04057445859378883
0.08356672460364738
0.014723654899345573
0.015078021492096624
0.018161223533556203
0.020063242244688723
0.019435211444639222
0.11064820200549741
0.011542870928075794
0.057883066933710245
0.05447834706464809
0.0168812665668876
0.013685760721093655
