4.1907685534115066E-4
4.6361639238942523E-4
0.0010401099619747633
9.55015606902539E-4
5.99009761800824E-4
1.6548309246403669E-4
3.026966615106414E-4
9.749430165369473E-4
2.233671513612513E-4
0.0016772526452273966
5.940926767226691E-4
0.0013224851173669564
2.151960803723521E-4
4.69529157395609E-4
1.302585881577445E-4
5.638889254435317E-4
1.8865381535700508E-4
6.930976253620219E-4
7.137247468665682E-4
6.556677739183643E-4
6.894157605141543E-5
2.7473958934842914E-4
3.306270827261007E-4
8.689371289603897E-4
1.235348029525808E-4
