2.4706201507316666E-4
7.089666074726101E-4
3.796946085962957E-4
3.5975961143551455E-4
2.615180470954667E-4
2.1467746610345624E-4
2.1974891467216963E-4
3.54853143122802E-4
2.1339536709952795E-4
5.579121894198541E-4
5.698281474884955E-4
4.519401221351183E-4
3.579253397443793E-4
0.0010010087090549997
2.1264756662686487E-4
2.712979563260579E-4
2.2537733177892982E-4
3.039204413022924E-4
3.054147504601262E-4
0.0015577967631881916
2.0735357515584376E-4
6.16793784522788E-4
5.778826373228898E-4
3.3311950046916583E-4
2.0795833996206883E-4
