0.006192250822977555
0.008592628337993598
0.011412688957225862
0.010759847162770142
0.007250987858265455
0.004018139138194361
0.005274947486418109
0.010420164238583135
0.004776308885692599
0.017080210192174962
0.008877764818462135
0.013438083764932813
0.00590965634016068
0.009652707490546487
0.004000274664675225
0.007369950895063483
0.0041542106698625805
0.008678116069273916
0.00856368375820068
0.013494900480114173
0.003375635807610124
0.00682500119913202
0.00792701032196785
0.009735461837900666
0.003614290810357033
