0.03860497692570237
0.0422019904378691
0.041884691635689364
0.04015155464015202
0.040207240821862174
0.04133582547436157
0.06066386993527372
0.040179515865862665
0.04728978904498233
0.03814469252877475
0.04610463270779318
0.040225033571811335
0.0534818160124268
0.04079633557190496
0.06256552986746265
0.0401563802648676
0.04052273767592804
0.05581159480842795
0.03916785917050932
0.045644553029870555
0.05695011262283869
0.046500054448570666
0.06001180387865385
0.03847751333419048
0.04006700109219559
0.04894580957680186
0.041066663543998405
0.04538787042047007
0.04273962836706021
0.047385103732285855
