2.979448929436704E-4
5.433992831275862E-4
2.587381540856935E-4
0.005234048528093466
2.4616120478814256E-4
3.514943782391753E-4
7.587270265261397E-4
2.2433329868404886E-4
3.109638722543611E-4
3.35121581221701E-4
1.9044560354277546E-4
2.5162756411133586E-4
2.1402524471066792E-4
5.886603568368367E-4
2.623779704093079E-4
0.0016486835257602506
0.0010903992437938956
8.739577395306574E-4
9.478180472271613E-4
3.981186353256775E-4
3.8657722056959534E-4
2.946628090040097E-4
0.0015373025847577224
3.32531947030998E-4
0.0022206560591951983
2.450006227759214E-4
2.4342036469721218E-4
0.0032077316551268435
4.66312008077011E-4
2.452863894617944E-4
