0.9011985516601697
0.9354639356308843
0.9353339955895855
0.9306354774279707
0.9353830559297506
0.9340912277660754
0.9334255771437977
0.9341347438017571
0.9245823902813289
0.9348008953928643
0.9278657309144659
0.9286568395854122
0.9360628494345217
0.9353516538690635
0.9296990812924169
0.9328705618398743
0.9353317796035993
0.9314752809027221
0.9360964317525071
0.929425399318666
0.9361663109472593
0.9265311941394285
0.9314200752151707
0.9355957454059722
0.932761166578707
0.9346422738597281
0.9161438976975398
0.9285204082225939
0.9280657878457792
0.9283713453812846
