0.0034282821857347266
2.58083603659609E-4
0.0010718325234862626
3.8108682793208757E-4
8.694303028543313E-4
0.0012376076897455059
5.15616189583594E-4
0.0012244349159287319
0.0021872365373487444
6.273788238287565E-4
0.001917283151144848
0.0012921268613138024
8.583659284319323E-4
2.809243245415945E-4
0.0011805857019281808
3.9150692224135106E-4
4.210915207796969E-4
3.6573780227069057E-4
4.920949515136453E-4
0.00109606628313186
6.193944512169666E-4
0.002008094947646785
0.0015181691830977223
7.666875162518359E-4
0.001415581568813447
0.0012646159132381077
0.0023417404941277237
7.259233240349377E-4
0.001208338556543728
0.001810850967561892
