0.0068704125246528
0.0024015812087235695
0.002204550303776141
0.0027510107450199038
0.0020129713164217322
0.002461090884139609
0.002010401887158405
0.002372470445282912
0.0026061156466234406
0.0022409604073693927
0.0023498271530888004
0.002371366193929755
0.002216524373106576
0.0029666984922735637
0.002564655733499168
0.0029706581655457123
0.0022986716832301256
0.002317712052600548
0.0025310660565667983
0.0025404466810655326
0.002275881222750122
0.002408849791998677
0.0026849297683786823
0.002367903762199899
0.0021622836408877696
0.001930603442841476
0.004178050142618872
0.0030766515703842126
0.0025725990138082975
0.0023231279705583654
