0.7513187104117477
0.5896548070688018
0.652658592629312
0.7839522219383643
0.6824097306692387
0.6122778398834996
0.7148349348112264
0.6249234773143901
0.6962091050001571
0.6146459729909038
0.6669783355632777
0.6750853959519486
0.6440345936526456
0.5498708508356236
0.6299739911480875
0.6526140002904962
0.6568934012018326
0.7224789138288262
0.681837162502297
0.6684965421946514
0.5866053210026098
0.6851661139105621
0.7452497212444307
0.6207056948582056
0.7603462302827647
0.6266539870677124
0.7701294177033687
0.6532001320600186
0.635687450754074
0.7276117616937119
