0.07409316252981461
0.0733591339010042
0.07628179776891623
0.07408139977560255
0.07624286392494374
0.07654439025013
0.072921699437092
0.07485676085166026
0.07411034796913356
0.0740875751542605
0.07476462161219787
0.07382112878686278
0.07605001763120699
0.07345292170487211
0.07583493749326674
0.07489291515469673
0.07391124524508268
0.0791724020926183
0.07805808528606532
0.07783469366505005
0.07690116699278052
0.07558823522169526
0.0775888753653155
0.07558318574126867
0.07593202323555422
0.07901788647250352
0.0757223424779043
0.07465695694024489
0.07400401160201511
0.0738932505455093
