3.497418552744451E-4
0.0018220953580981632
3.6282163068016466E-4
3.008619009251467E-4
2.859777415469312E-4
3.830902726138827E-4
3.404830392226503E-4
3.463913988740166E-4
3.753370393055106E-4
3.7318353231844813E-4
3.065741466362676E-4
2.9507976599147263E-4
2.797032043360429E-4
2.75953466570979E-4
8.016202531298172E-4
3.078232156150947E-4
2.831838570713293E-4
3.0543048979971753E-4
2.951290017548331E-4
3.7679217823584105E-4
3.041217835811217E-4
0.0016223311487471245
0.0014722752257146548
6.222624100693454E-4
2.523326231130775E-4
3.007449047267895E-4
3.0969507338853225E-4
2.738500641562425E-4
3.4589902071175473E-4
8.433317061733309E-4
