0.8556595064930449
0.8556648251965184
0.8555751400157096
0.8561709889742573
0.8559698245678299
0.8556303338427136
0.8554273170087154
0.8552384608768191
0.8558565944605705
0.8547657339545768
0.8556466758863401
0.856029195190986
0.8563464181933431
0.8564979930983562
0.8558809774114701
0.8565211431090956
0.8561478239953347
0.8557229160889757
0.855561281324121
0.8561409300814086
0.8560214850751457
0.8558159928164802
0.855879961734374
0.8559667028799058
0.856537140149857
0.8555589958688403
0.8559532409565989
0.8566315262421503
0.8557592669824421
0.8555020036010655
