2.8812877737364296E-4
2.854954754824116E-4
2.8341789096258854E-4
2.674571459314988E-4
2.7722308541779724E-4
2.817814111820916E-4
2.7521981273484464E-4
2.8922528049808363E-4
2.822777745449291E-4
2.9111664693131376E-4
2.9476659476494483E-4
2.9298580170424477E-4
2.568671027589498E-4
2.64539491050163E-4
2.984992403214128E-4
2.9123498998495656E-4
2.7703768779728397E-4
2.955005016118741E-4
2.8347279396538503E-4
2.7192703063085466E-4
2.7996519841723665E-4
2.8915852435263013E-4
2.682540229382888E-4
2.9929647264041606E-4
2.7378387697470606E-4
2.8259714899772805E-4
3.060462933005608E-4
2.5435896384978004E-4
2.968680591498467E-4
2.9679112049550135E-4
