0.0035837297080090523
0.003511884665312607
0.003605994457395004
0.0032174261392046493
0.0034097687086450655
0.003523621823514302
0.003701942617142334
0.0037518116296288654
0.00340759394669821
0.003993631408034786
0.003574005388620792
0.003376330293015343
0.003135524547867398
0.003105708448032905
0.0032872329318601955
0.0030717348639135106
0.003265478765516068
0.003474229887381219
0.0035736242558710857
0.0033459107839390106
0.0033854449381995736
0.0034382504598852058
0.0034511818270156693
0.003365987295591761
0.0030317232680065706
0.003611972584200442
0.003340120391709924
0.002897981654051692
0.0034308880324024323
0.0036360883646958274
