0.42381981253464857
0.505525278941473
0.40895350276068265
0.44327444699023655
0.3866431559854791
0.41261378766697976
0.44441876531302676
0.4385972972448112
0.44711465243820364
0.4269405900815801
0.4736556173837539
0.4422170420558269
0.38492963843139966
0.402398000487202
0.515000412456395
0.42758838022071355
0.44570634263323233
0.4805731247744891
0.44982753340916803
0.44317039434524835
0.44029434740227186
0.49577081693270514
0.5021484106207011
0.5028299414529221
0.4530801509130254
0.4164468303002532
0.4394586266418508
0.3681109613174287
0.4910552555231341
0.4736904826791566
