0.9198071556714126
0.9270546673439826
0.9216488368552922
0.9149047257015585
0.9139103955670836
0.9179527218916748
0.9242585086628159
0.9094095569402962
0.9061957802393786
0.9185349806431364
0.9265660024041489
0.927029632101396
0.9157291038206669
0.9159244971947327
0.924053439534935
0.9243046359174844
0.91415018576006
0.9127141095447963
0.9155021766467839
0.9262519513143228
0.9236152153187918
0.9157631668848625
0.9176433173181234
0.9153637122933277
0.9060257369581248
0.9088246577615842
0.9176841992789929
0.9074880452180396
0.9174914957520979
0.9252876987671068
