0.0019678161706933473
0.005954923352338026
0.0010970016856831292
0.0013624652567825178
0.0013345137678730584
8.25781844950397E-4
8.430371489772992E-4
0.0018591424223739137
0.0018030572262614163
0.00308567098608278
0.01820693126546297
0.0016474004719699287
0.0029127862996813814
6.965932839262195E-4
0.006323318258315872
0.0012992569020778507
0.0014395916958744813
0.0019270501145950262
0.002031231361271219
0.0022694120037738802
0.0017115550010967661
7.64036065202475E-4
0.0011940924913244628
0.0034364692321241187
7.85668771065459E-4
0.0064923818258013685
0.0013055162562557012
0.0015537692474252593
0.0017234552085407468
6.222272887501343E-4
