0.6941426388491789
0.6955916216385397
0.6929346564045862
0.729270441699357
0.7395520651340018
0.7133999943838005
0.7063423689060178
0.6649375101149941
0.7204637125882506
0.7016892742293995
0.47604153394462484
0.6970847156366272
0.7130031782889695
0.6630643443284463
0.6535500190457414
0.7027772151053983
0.7077545698312059
0.6857879398213834
0.6951437545385957
0.7186483108289269
0.7190599580715892
0.7388263874005598
0.6776728366447883
0.7035168897017852
0.6799880826344379
0.6782404776281271
0.6911075059800499
0.7131839044554977
0.6614506686245006
0.6876658445750085
