0.004852105573849734
0.002735450567628682
0.008030166882830618
0.0013131759586084495
0.0011915393947500047
0.004373159204797846
0.006245343940309805
0.008735044483220376
0.001138871578946877
0.004386122473188612
0.012495989677431938
0.0026369614375893993
0.001933760690711978
0.00930381828395716
0.008944092717205485
0.005677106468172995
0.00518979257404289
0.005763669071022797
0.0038994284255216677
0.0034859066562434307
0.0015119295113740516
9.587244377300833E-4
0.009508613661264423
0.0019669545576232596
0.009255980345271168
0.0029143617679336883
0.008863828800078837
0.003755958323365636
0.007397491026879555
0.009311078742654424
