0.019768326781005797
0.022479056283681496
0.01855121646828861
0.011210837281900747
0.00460523823176286
0.012295645119668722
0.01433503780030838
0.030917945341245225
0.012666886530865154
0.018376508439232393
0.2068610264659401
0.018184427493163763
0.01671745560375867
0.031558782264437105
0.03540931018603543
0.015934400917024864
0.014852656876177909
0.021714178395925838
0.020658024856869343
0.013859301558525732
0.013481533964429835
0.005052289637858333
0.02456636554500992
0.019021655528768795
0.024201079059951787
0.030650539899754956
0.01967761205133703
0.012397144939818689
0.03259790850311932
0.02029103443347002
