1.0473660092078256
0.5990997215547709
0.9799952756340667
1.0175701528609509
0.739752639528121
0.9652221298482118
0.9604789403665023
1.0323803988263442
0.8140446132165168
0.9369555934720769
0.9080178631705317
1.0917028727670348
0.7483011099481851
0.9480347742184523
0.8278281567270757
0.8852742772817609
1.0587980846302294
1.0055860714941733
1.0124950517548308
0.7717877200409786
0.8369721024256916
0.6771571467167764
1.0142548249672345
0.859040377945702
1.0155716734583773
0.8514415283049176
0.9877614308137683
1.0073573296592173
1.0659426067060018
0.9393908459230901
