0.01230231172753804
0.014755753238808011
0.015577447740450764
0.01319159348991425
0.0096240659299216
0.010342023641144893
0.02296686315931669
0.014296992794337382
0.011363446869562338
0.015066371103233445
0.011735974962057555
0.01346637415187052
0.013890110165472619
0.011881063677072617
0.01220589315752535
0.01369962918276535
0.01132723621088802
0.015428740370340643
0.015013937496370644
0.012922727241914733
0.016732524426607276
0.014375297256049621
0.014945518817118753
0.011758734253874747
0.011252734939486322
0.015607333115067068
0.011823896638222947
0.01564790774017244
0.012687871861477892
0.013532970152352775
