1.4480751148535879E-4
1.5336945875153536E-4
1.5914221696202772E-4
1.5291035753021805E-4
1.3723923265697026E-4
1.6875528131706278E-4
2.3530060451934544E-4
9.468347669676496E-5
1.4779506770639395E-4
1.0213239830484564E-4
1.3359549671381585E-4
1.1597852342738183E-4
1.321733853734069E-4
1.655747095427937E-4
1.5514227256097763E-4
1.5647721290179905E-4
1.7876192768819625E-4
1.692958774599093E-4
1.254701105213688E-4
1.6911947309062523E-4
1.387562280631823E-4
1.6045336035169978E-4
1.96226675132657E-4
1.3064797579169838E-4
1.5199476229323022E-4
1.5393143743133914E-4
2.0239788978051638E-4
1.966739597377046E-4
1.1100278717377715E-4
1.0884812896771683E-4
