0.8089523736183812
0.8096410700198904
0.8100159358608096
0.8092831015001496
0.8097261621511681
0.8095590077069418
0.8091702447104125
0.8099476985777392
0.8098159675558558
0.8095035896098004
0.809800798961628
0.8097558492422045
0.8098637818011284
0.8097403638026346
0.8096046204560851
0.8092844516123403
0.8097448648959997
0.809675978983181
0.8099086856244677
0.8095588544807625
0.8098910270420756
0.8096408822377351
0.8094302912412717
0.8097638831485946
0.8100588281619439
0.8100261327793689
0.8088585624928644
0.8094730451285108
0.8100039032305926
0.8099903603741343
