1.9387470061321322E-4
1.5670323937824957E-4
1.7054721714400864E-4
1.719302807582434E-4
1.5836763005507406E-4
1.5732183967740227E-4
1.7665060581883004E-4
1.6401778435655017E-4
1.5710329808493175E-4
1.9258980310886195E-4
1.619113698378903E-4
1.7823524936306332E-4
1.7142573945464046E-4
1.7392456369620579E-4
1.7563871912181485E-4
1.729407336884263E-4
1.5963984342531098E-4
1.5820029066365617E-4
1.6401896410336088E-4
1.6452933291916184E-4
1.664248030797021E-4
1.749476813301087E-4
1.598622355264015E-4
1.6622820903080008E-4
1.638835707585775E-4
1.5807104539787112E-4
1.8119004474793858E-4
1.7456087692323532E-4
1.7242145058916802E-4
1.6317581030741283E-4
