0.0029043665400712423
0.002557774190181219
0.002510331414827602
0.002813131426483231
0.0025688691022554134
0.002629818306755482
0.0028431824246376437
0.0024330823569139724
0.002483397103889652
0.002797683385831689
0.0025487962645289615
0.0025888096799929284
0.0025706398475791874
0.002489845603444219
0.002683570419616726
0.0027092120351507112
0.002586859149367398
0.002626470978807886
0.002492117457527413
0.0026028397674361776
0.002456538663164188
0.002586056069045472
0.0027025695912224743
0.002570089387754877
0.002432601637615641
0.0024136229769382194
0.00305720456827443
0.00272777617400958
0.002495702800528095
0.002461160516336377
