0.38081103705362385
0.369890984333003
0.3916089561728777
0.356663672065647
0.3591627358656429
0.36501941670199894
0.42386207414775373
0.42493283827463374
0.35922791661737197
0.433392553536077
0.36670896604823106
0.4225761989969419
0.39937022189899957
0.4236455035791917
0.3897637779928173
0.44549102747118735
0.38003943025661496
0.3665411911923577
0.39530441615105155
0.3821235518318224
0.4153497951726643
0.41113116340762235
0.3561992169705016
0.407609426904183
0.3323817557373566
0.37426613871802245
0.41522292243384246
0.4402058513188018
0.38237245331185077
0.3934138245929599
