0.011980088172218517
0.00971872829947057
0.011080196456080826
0.014196159827000732
0.011799743475316982
0.013810215074849586
0.011886160679224503
0.013019672850256181
0.01734345615052968
0.013724584510817761
0.0176493830369695
0.013101134790210495
0.01192018587145216
0.01261485236217108
0.012288866594333564
0.01582881960098026
0.017341297903747055
0.01285108652200495
0.01278140634413194
0.009653994341663585
0.015625849469269926
0.013092114286494039
0.012588061168900655
0.019862165782834174
0.013328247723801367
