1.3857025108911214E-4
1.2523455083989003E-4
1.2981047216824643E-4
2.949140496087799E-4
1.785674736341385E-4
2.2764875182171754E-4
1.572671027620966E-4
2.210754055491382E-4
4.5107151901276613E-4
2.70184979209741E-4
3.394709537365433E-4
2.838052969466402E-4
1.3861607403304718E-4
1.4771370638681604E-4
2.9392037311992637E-4
2.8577662441599277E-4
1.614494668922475E-4
1.5496370731907762E-4
1.4278628363958824E-4
8.172098028186779E-5
1.099797837859219E-4
1.1071871308785323E-4
2.924370552974085E-4
1.9277843538566077E-4
1.9657445269039359E-4
