1.7047737348505898E-4
1.589842432541739E-4
1.6278266200995455E-4
1.948856979603486E-4
1.6560227658811246E-4
1.7588833664879057E-4
1.6630392959204074E-4
1.829016910177374E-4
2.221497110168876E-4
1.861610535588935E-4
1.924230062357135E-4
1.8356282640530686E-4
1.6161031435197478E-4
1.677626527480246E-4
1.820651569216667E-4
1.9190061444063737E-4
1.687651219596638E-4
1.7360674896249627E-4
1.666657055655503E-4
1.6345712021319394E-4
1.745914307268044E-4
1.7280041863388713E-4
1.8366528369390887E-4
2.0051761497390507E-4
1.722516601622723E-4
