0.0035145382293087827
0.0031815285746419207
0.003344534970379301
0.005188755876775712
0.0038709579265544026
0.0044833359761510825
0.0036536528145331005
0.004320947961473361
0.006473269679580227
0.004797338518739917
0.005393812955747232
0.004751217928015149
0.0035473633214166537
0.0036399288752961734
0.004838397729431486
0.004989720797413244
0.0036709703382787574
0.0037054876002684776
0.0035999218271091774
0.002991275352637054
0.003468185921807828
0.0033888113761043324
0.004971856388280256
0.004412111252656725
0.003927764666912768
