0.012412371021410774
0.01585922367617244
0.008441957643563897
0.013697767073878906
0.09055225373148537
0.015364019648605185
0.02679211392492322
0.00867633051930955
0.010266412628155308
0.008756647034358508
0.009770694254925244
0.008610055564409403
0.03654700531035415
0.01838182386329476
0.01005558266115472
0.0085890351043304
0.03794739086120761
0.013667928490896306
0.010049468101680087
0.010138667140487279
0.009396241159340762
0.06531309196878764
0.009840827695412335
0.01117450158467385
0.009097797549438682
0.04216999996390397
0.012941481168630052
0.020479844558257028
0.051498615133266736
0.008901282730519294
