6.650686726615384E-4
2.9458225429184436E-4
2.1747852176287797E-4
9.179560275244055E-4
0.0171772238502205
5.905297351428188E-4
0.0011257936769004436
0.002170194952874959
0.0016917216740346733
2.823270409123837E-4
2.546723382340274E-4
2.444680107053312E-4
0.0015430963991989871
0.001062074326278577
4.436854770901476E-4
7.589207743336113E-4
5.196683333985705E-4
0.003047828556512549
5.829307665093389E-4
3.4204845524832744E-4
4.779654831147687E-4
1.854757136004215E-4
5.508813475175628E-4
1.7489501288014638E-4
2.6598805433822174E-4
0.0010771104773868957
2.697603268502838E-4
6.18699243318534E-4
0.0010524739642543777
4.8311116963506017E-4
