0.9310232905808692
0.9296882572776088
0.9316315443625729
0.9275217433704325
0.8749704639424092
0.9271016250994392
0.9221447747308239
0.9309748510980768
0.930628785038858
0.9299596120905003
0.9311935455662866
0.9302532125482113
0.9113960084329187
0.9249134720951049
0.9298426795019674
0.9307531806596794
0.9131876722615184
0.9308623054869718
0.930373572627878
0.9313301111982709
0.9305818061243432
0.8952827009443612
0.9316390490340274
0.92931584863902
0.9292953589302929
0.9097784574292636
0.9308558695558113
0.9237444407502942
0.9028681195767051
0.9309839111843496
