2.966795682890938E-4
7.13182462912614E-4
0.0012492014378359772
4.5643424760110116E-4
0.0030302293316197084
0.0010000716963517022
7.075230458634803E-4
3.04383969215427E-4
3.65835651169769E-4
0.001457251235501531
0.0013090807728903678
0.001474186119921566
9.302367439037927E-4
6.611011546848829E-4
9.082683165358453E-4
7.274826056502569E-4
0.0018592673040246303
4.639554154967239E-4
7.209386768892967E-4
5.55437661377293E-4
0.0011569226139811451
0.003548616890088981
4.1848419666962E-4
0.0015250057939529351
7.400046940259279E-4
6.193864358434502E-4
0.0012797154446289602
0.001029920403391334
0.0019111620978947725
4.518513544539546E-4
