0.00276784148444946
0.002248052765956243
0.0021498055715986524
0.0024506394403245174
0.01208436067467829
0.0022817025672898254
0.004890793148159665
0.002241017771003098
0.0021718420000858252
0.002352872567311487
0.0024530041242778397
0.002108654907870198
0.004862864609635218
0.00246593306963408
0.0020908793345963406
0.0025263708768681068
0.003920632722677242
0.002734336296103728
0.002383976944299732
0.00218243809598771
0.0024046445385312288
0.006691383137135335
0.002322087765078986
0.0017925755451709518
0.0020768638885241214
0.005222890049177315
0.0023547357668694873
0.0026270150407751497
0.005966905800934844
0.002279236553006979
