0.5650807396533198
0.6553102670108106
0.6197355369213341
0.6341855957002442
1.0137536814734907
0.6176613394391548
0.6661387851344949
0.7271565425977087
0.6447766922146996
0.6087386330615283
0.6166102199483781
0.6204908752144739
0.6348602380000185
0.7585577415761667
0.6745651893716732
0.5677965342716917
0.6815879825478193
0.6827768156481687
0.6362186213050228
0.63858996490293
0.5829995496517202
0.7679954845635694
0.5563205471645642
0.649506221266256
0.6819145731812892
0.7203099085770335
0.6661216128046343
0.6540742967891838
0.7100894344341793
0.5918426654894122
