0.005398926910444302
0.004210266010398422
0.0038815198818267227
0.004527544862245936
0.004440276357138839
0.0033223058321163457
0.002715625216647588
0.007963120875690843
0.004206444117469066
0.0037914636321233486
0.0035032389473967918
0.0031491961281052694
0.006177202391724812
0.003574834459527443
0.004049728884151671
0.0033604401946144558
0.003288673583590196
0.003804391157103293
0.004393312512966263
0.006642385008566398
0.0036479549237090625
0.005491378984061823
0.005819262562686722
0.004547641581492123
0.0047470768510130545
