1.2151561030805612E-4
8.678954489344381E-5
5.857748051538206E-5
6.365618388162235E-5
4.69419325352959E-5
6.496250743914666E-5
7.903904320992509E-5
8.588414919066711E-5
6.436714191659686E-5
5.571272782089568E-5
7.47709895694834E-5
4.127966596429067E-5
2.982704407990863E-5
7.340490142898373E-5
5.0059393979183156E-5
5.884433650823295E-5
8.894540710856073E-5
5.846483569481138E-5
1.097948967073854E-4
9.840215221094521E-5
6.657980774174473E-5
1.4787627832023997E-4
5.914223570475308E-5
8.017219067052903E-5
4.746867936887553E-5
