0.013660492954095218
0.019662395012288
0.02036557196359134
0.019265248014399886
0.020071602617478146
0.019609208476633774
0.018170447275720526
0.017657638519546704
0.019563984142797017
0.01935551853091554
0.0192410065723122
0.019313131777545067
0.01793578065456642
0.019834320971099724
0.020448757757959075
0.020937061549554332
0.017956016027433557
0.017895016776006134
0.014964599553745517
0.015458270846078927
0.01908583244161002
0.016363686196894215
0.01909856777434296
0.016593195425184684
0.020153673634531608
