5.600570422542672E-5
3.9443530412418395E-5
3.935310236359449E-5
4.582187303075775E-5
3.643822510689193E-5
3.751904999805522E-5
3.661975913793703E-5
5.6442110036699925E-5
4.0437912169979096E-5
4.729175962644191E-5
3.5511087971145226E-5
3.261153216889787E-5
4.851049575488467E-5
4.1313219398753365E-5
3.388439882606325E-5
4.13181807202627E-5
3.684571075939033E-5
3.597201834056187E-5
5.0397162457518445E-5
7.551750460175887E-5
3.7789174447523396E-5
4.014229476634869E-5
4.8501058088926615E-5
4.717571934365269E-5
5.274307077108639E-5
