9.984527968798815E-4
9.18474243287171E-4
8.504567968435618E-4
9.151153358424623E-4
7.988777258310128E-4
7.884296027461113E-4
7.404389690605352E-4
0.001215660162923912
8.773825782772334E-4
8.490043479349622E-4
8.284615325679713E-4
7.336071746456944E-4
9.401568020963499E-4
9.269696327632594E-4
7.654755959191265E-4
8.194051395930784E-4
8.575589199366723E-4
7.620597636662306E-4
0.0010495664623856483
9.835383439439674E-4
8.794546406517056E-4
8.998039665301346E-4
9.279461170699541E-4
9.212364897654664E-4
8.234498191709629E-4
