0.013044751360709816
0.012731117528763047
0.01057873947423918
0.020079587233384905
0.012163728860232204
0.010059280508108337
0.011073874375507553
0.011564747571199296
0.01552843268892462
0.010752187127302068
0.013244377669448193
0.011479116087001418
0.01114106717164437
0.012937321137865332
0.008780565268635354
0.013712994376961926
0.010178627714002492
0.014372724164860962
0.0086540812315659
0.013447413486368465
0.011868092704587385
0.010218927715979598
0.02330027318077313
0.012022784360264105
0.012361498022575593
0.015275538190574589
0.011413094747929509
0.012624503015461586
0.010315338269367758
0.009076496403503054
