2.780376246281174E-4
4.1021293432623305E-4
7.266709157408825E-4
7.14162263886477E-4
7.840786936150798E-4
3.467438967746929E-4
5.902699765016529E-4
4.638913880146266E-4
3.548515165641033E-4
4.344419390676681E-4
6.384879907004255E-4
3.6310937601690514E-4
5.583622676149078E-4
4.8367816441431037E-4
5.688146821427547E-4
3.1933777054757805E-4
3.245483384517858E-4
4.61672493144989E-4
2.762357607871505E-4
4.704706006025252E-4
3.7686368457594347E-4
4.398981715094528E-4
0.0010384565907496097
3.1287442572866655E-4
5.463770535114886E-4
3.3461100416386973E-4
3.1358507915644785E-4
2.958521289579333E-4
3.03734780211013E-4
3.1281362043011706E-4
