0.8718362825714102
0.8716249929915972
0.8714596945191024
0.8711893030650314
0.8716213261659095
0.8714740498438571
0.8719053744410674
0.872285528514828
0.8711868582754099
0.8720092640745826
0.870925682425928
0.8720683192534409
0.8720484058226634
0.8720923781768078
0.8720013553971547
0.8711198580939689
0.8717390037131232
0.8717316929355542
0.87216488156827
0.8712071020786589
0.8719253871638989
0.8723566300628143
0.8715120520932101
0.8719924547984121
0.8713350525801021
0.8716169876265816
0.871499046629355
0.8719952678236995
0.8715086081557732
0.8724674597249773
