3.7405575811965487E-4
3.2853904601526184E-4
2.7327675164841135E-4
4.614259897189534E-4
2.652543505372984E-4
2.7599526820702074E-4
3.326299982388171E-4
3.375829099056142E-4
3.910597504970516E-4
2.8599615744851625E-4
2.9971130151465545E-4
2.7091999389475415E-4
3.1906663965828306E-4
3.241927874964369E-4
2.682228920639329E-4
4.0619514212352853E-4
2.550097038467113E-4
2.709153865205947E-4
3.5873700224449027E-4
3.448528582606375E-4
2.920772254387351E-4
3.256244401572204E-4
3.403779864509652E-4
2.690919413160126E-4
3.4516442908945414E-4
3.9347855726520116E-4
3.719543458662741E-4
3.8176271723508085E-4
3.951014246052083E-4
3.3651314120994454E-4
