0.00311685240172141
0.003261341860733253
0.003268152621049909
0.003475361236172599
0.0032632858586879453
0.003384533299497823
0.003001265864199303
0.0029286488386394585
0.0034721207278599594
0.003024093564443867
0.003589384646252426
0.0030150193352614972
0.0029336281369049546
0.0028868698034517004
0.002926524988985131
0.003506816036006216
0.003324056349214074
0.0031123610997783606
0.0029525851292310713
0.0034279546040399318
0.0031216840501363855
0.002870140482583524
0.003412752500400832
0.003110662020033027
0.003521130723233263
0.003196814577487964
0.0033029054109614806
0.003122050345831056
0.003243845220508367
0.002695751533289544
