0.4804887053735224
0.4095232577678717
0.4470008471653967
0.4949858785507081
0.4438367218635197
0.40121217250350366
0.47954772049051475
0.4351969873677036
0.487292554720026
0.46060734572431616
0.4617064932706717
0.45998095013543827
0.42817886277318007
0.4874068263089876
0.41529575492243975
0.49460969369831653
0.4120908753906402
0.48940879906052964
0.47788394235081505
0.5120631693717744
0.45797715581361037
0.4331991591905232
0.501767515210218
0.46649933571158236
0.4548308383584022
0.4793871257382677
0.490559193911928
0.48096573722872893
0.5068666595825051
0.45132131801753983
