0.011211623666511406
0.014543866383205761
0.012402957158042738
0.010975367471497688
0.020163207654740112
0.014301880241355647
0.01800105528274898
0.011049139836542134
0.012015574686384478
0.011924430205077052
0.010978992041378755
0.01390207630239193
0.011124691182086921
0.010687398268813986
0.015162971624010979
0.016239541144414987
0.015451717051858271
0.012463594027708358
0.012233320904720124
0.015585583245964707
0.013662807724384052
0.014520904949943847
0.014269874657899001
0.010467836891688065
0.013969310712059313
