1.500115273452285E-4
1.343896658880678E-4
1.4176292118634536E-4
2.079123164267231E-4
1.333531076231673E-4
1.8333435238477425E-4
1.0720349772073485E-4
1.1720698196549044E-4
1.657669764852157E-4
1.6033296799802837E-4
1.6900381364034424E-4
1.3490391608826129E-4
1.0137685065323714E-4
1.4270194114267837E-4
1.6060714972401167E-4
1.8185212438448048E-4
1.701709848502913E-4
1.7973169092484019E-4
1.2089955074996207E-4
7.618397156863273E-5
2.0250943784928807E-4
1.5319916592649585E-4
2.19345513438827E-4
1.6804862140509423E-4
1.389854876371585E-4
