9.876750390268942E-5
9.873444266058098E-5
9.714113277308446E-5
1.050935420537726E-4
1.122157721241552E-4
1.0865634990942913E-4
1.1262388140172791E-4
1.0388591984140996E-4
9.994282360864081E-5
1.0453094222146161E-4
1.0198865440376326E-4
1.0355830442258466E-4
1.0240236182998474E-4
9.972180378227182E-5
1.0961479078864945E-4
1.1209221198383252E-4
1.0671607832086088E-4
1.03783244435484E-4
9.926316096597258E-5
1.0269496154800663E-4
1.0121485805041734E-4
1.028872267300433E-4
1.0715256299719347E-4
9.63025048541173E-5
1.1108299030092856E-4
