0.003230962259834028
0.0031579956515537717
0.0031959123636070277
0.0032573248967481035
0.0035967965296473336
0.0034084306687842555
0.0033030386729973773
0.0032562251921488972
0.0031865786791896175
0.003004087681869862
0.003410810635459228
0.00324125022723452
0.002960721302179541
0.0032063978977185555
0.0033313142315551545
0.0036171389770260965
0.0034958525636821914
0.003315098320407239
0.0030548327143210935
0.003158975351959006
0.003165946978430546
0.0032762935849582966
0.003708911708047789
0.0030894321760417775
0.003374990790971356
