0.008365393086889217
0.008222015726038479
0.007301641357358956
0.008775596896703264
0.007496805051925293
0.010742677116659216
0.007672696275419333
0.009524247633920013
0.0076957184322185845
0.006737729574342155
0.0058641169356514755
0.007965658066170112
0.17781224067275947
0.014130355292806152
0.011763092661744134
0.011853631808648624
0.006481423739141179
0.009239716529277034
0.009054652697352672
0.009120232071184176
0.17775154502860546
0.0076367991138674984
0.0072980714588520845
0.00671570650673492
0.008356363571322356
