5.7405910235450595E-5
5.02225548886377E-5
8.68930154601161E-5
4.7916733460596844E-5
4.044701970721518E-5
1.1810456321419733E-4
7.852300745579048E-5
5.7095343342642926E-5
7.637245785849402E-5
8.357048253522742E-5
8.063929571599821E-5
6.448458864197383E-5
5.329157284793973E-5
6.268698224007923E-5
4.683521029764406E-5
5.573085428325193E-5
4.311368584867333E-5
6.5088987557812E-5
4.8352548168485044E-5
7.929892641587291E-5
4.351351580708236E-5
4.9454747444251394E-5
4.26905562356848E-5
4.8796003678220446E-5
4.706005336036355E-5
