7.1123399893779E-5
7.40105750438256E-5
6.83135868778757E-5
7.198312384547609E-5
7.467845787945415E-5
7.316362490812677E-5
7.603322453983979E-5
6.728705897127684E-5
6.755048487995117E-5
7.160128188259908E-5
6.832858377201554E-5
7.36722358317689E-5
0.0016494572363212954
7.56876726476257E-5
7.488120510043135E-5
7.24058101743662E-5
7.276240298603304E-5
7.554225396115059E-5
7.029616460783313E-5
7.763081282447262E-5
0.0016409223243586406
7.399329305120054E-5
7.324965120270435E-5
7.091450559053911E-5
6.942641062737597E-5
