0.0015598810513692699
0.0015104726424803653
0.001500889419057846
0.0015104141170829953
0.0015434632340232148
0.0016022543276037738
0.0015579370773407854
0.0014221147089952424
0.001512918779588971
0.0015316306049200155
0.0014283670425946791
0.0015202073020795766
0.016412328973735093
0.0017009280126621756
0.0015836053460691773
0.0016523228768547445
0.0014186775639129688
0.0015332588611477495
0.0014894725145081491
0.0017357860797002106
0.016405351363545307
0.0013853959383995078
0.0014422142398861787
0.0015260774248554067
0.0015878183400044714
