0.955326922478863
0.9594421876250222
0.9602524300438332
0.9639357119872485
0.9610891841493381
0.9559540416402632
0.9611631615838921
0.9571823631290801
0.9661650037372952
0.9625891473078682
0.9586517417723563
0.9650654875289228
0.9543571037373171
0.9736380293235518
0.9554209407459665
0.9558887226741714
0.956796532323752
0.9691855168397461
0.9799102509974945
0.9638024043748828
0.9637062137311163
0.972035308748469
0.9556382571743689
0.9685793952402375
0.9635119148539336
0.9617736049495132
0.958420321325635
0.9732616203339811
0.965828938869622
0.9535616814304324
