6.088132424301227E-4
5.847258169083228E-4
3.841100369144912E-4
6.33263633003026E-4
4.8045588145605617E-4
3.630462864151476E-4
7.517030546976504E-4
6.20987808466361E-4
5.402237025522847E-4
5.605564925634278E-4
3.787991788899053E-4
4.8432165999262805E-4
6.842176541966249E-4
8.259650369500258E-4
5.10448585929923E-4
4.082664762420014E-4
6.134345518999109E-4
4.8216305127223144E-4
5.434677827098365E-4
5.646866383793211E-4
5.274031472140557E-4
5.778398974262469E-4
3.847414978494134E-4
4.924305099588082E-4
4.8747128642391427E-4
7.016518440145266E-4
4.655812194886938E-4
5.125791964197978E-4
5.859905266086596E-4
5.652461162791374E-4
