0.29753930113066573
0.2989390646130272
0.30026420652226105
0.29529881842678485
0.29894734226533665
0.29593241070698506
0.2977394658037851
0.297993072744327
0.295747938856138
0.29570753259897903
0.2982053435587327
0.29873659138588265
0.29645762727038044
0.2953805377360036
0.297908618929831
0.30078140731057673
0.29544382910873723
0.29845958890352914
0.2991706248912912
0.30060921473509067
0.2972167222187302
0.2987379067282699
0.2991920318720273
0.2965728281247512
0.29794104406817784
0.29842659243100983
0.29767356568162756
0.29777913735101097
0.2985523606855838
0.2937693222006353
