8.048751348647653E-4
7.849947766168776E-4
6.525680302513077E-4
0.001351832157360372
7.89514587368612E-4
6.992091374345367E-4
6.366234697847905E-4
8.164074914106721E-4
6.736090858099979E-4
7.539320147713414E-4
7.852972015794289E-4
6.893769423160427E-4
8.434006755464209E-4
6.096960565153312E-4
5.774230880296161E-4
5.481351735744886E-4
5.750492401587934E-4
9.746906769557433E-4
7.49479237863722E-4
9.057021377997946E-4
0.001252436938841536
5.673060971389658E-4
6.751238408749479E-4
4.7045598523883604E-4
6.907135612856289E-4
6.44622505846097E-4
5.28925751569795E-4
7.769644228458392E-4
7.235148745918281E-4
6.474526844727882E-4
