0.0063891242840842695
0.006762754408586311
0.005895989633777399
0.013554604940235509
0.007355743642808836
0.006994265317200268
0.006383127996542942
0.00787163785780314
0.006297190698954328
0.008296875222162247
0.00623157891814367
0.006176046700891867
0.008456807876720361
0.005844290599343464
0.006834432681290123
0.005464487490742805
0.005877240002811613
0.007954462343424762
0.006827135840304498
0.005996159914772542
0.008079323840431129
0.006679801834806022
0.006673060325606083
0.005941983428724059
0.007229801902688817
0.00678886720909483
0.005905924752163106
0.006021194875551077
0.00715092512929584
0.006996489080853158
