1.274661366274786
1.2390785736835437
1.1840920003557125
1.3227490836306663
1.279792700373809
1.334811708148393
1.2630799808480349
1.204095113775601
1.2308583224391971
1.2158733907356403
1.2681920856866324
1.2302443734315012
1.2833874110656804
1.1866328626943832
1.18571614007078
1.1931726573510757
1.174241398117194
1.3171654946608955
1.249229768324607
1.2460355715206402
1.3331987999892403
1.1099033933921898
1.269474887148006
1.0969181284353513
1.269850146274009
1.2366978266790005
1.1553090906992791
1.2393464186509038
1.2571466497136112
1.153118196393624
