0.015248678595204734
0.011104317652124496
0.012664339319504891
0.011469782828882474
0.01423422716924741
0.016812706328631855
0.0162519480590948
0.017777923668424456
0.011582852171736047
0.012070008794470344
0.01297176415045631
0.012081035486896985
0.01573284180188178
0.011978193439538397
0.017400458292317622
0.011901680257865754
0.013400436967682783
0.013012954101843943
0.013798287670907516
0.015220872197705682
0.014085953111768523
0.01702861290380231
0.01157902590590057
0.014799248292487216
0.012801391971098253
