3.5443937247458645E-4
9.403495097696467E-5
1.7088261669480663E-4
1.1551721257066228E-4
1.2013491779557866E-4
1.8853966369387855E-4
1.8223055432599293E-4
1.5191525590976365E-4
2.0014127063177457E-4
1.72830163251672E-4
1.4005946950972485E-4
1.6800507616561536E-4
2.1829852329367656E-4
1.9568648276372947E-4
1.2216894895589515E-4
1.525253313072627E-4
1.219466082221553E-4
1.2410335751446018E-4
1.8219116965148267E-4
7.243271058099484E-5
1.2127557582922087E-4
2.793063809362796E-4
1.6447117327034788E-4
2.3098172797544062E-4
1.551365769570999E-4
