1.158516142215425E-4
1.0474296721453307E-4
1.0657104728258836E-4
1.0691715108058887E-4
1.0518177430776325E-4
1.2539476724989247E-4
1.1068852487195423E-4
1.1333267336763214E-4
1.0736874018349503E-4
1.054238474939006E-4
1.0938150479460804E-4
1.017283558244471E-4
1.1306601920223669E-4
1.1322361777467489E-4
1.1730973920211575E-4
1.0352004987907594E-4
9.763178781635978E-5
1.1128161779943488E-4
1.0410493407079233E-4
1.0489522741970631E-4
1.066315596566741E-4
1.1319248698161951E-4
1.0337427351332781E-4
1.0504865944589458E-4
1.092450026800358E-4
