0.0042046740354180845
0.003087029085006734
0.003551742950088851
0.00324099747750156
0.0030566786366965134
0.003786524904186302
0.003545415864844986
0.003494987870395304
0.003394990946103052
0.0032100348990961227
0.003452693944147773
0.002972172203054562
0.0034065368957257513
0.0035654740977137086
0.0034422695479312784
0.0033721372048032792
0.003148211983078543
0.00343077819858907
0.0032995978375435194
0.0031025307558809495
0.0032636208588144974
0.003343450972131412
0.003371967076293909
0.0034761483626329754
0.0032648036005299874
