0.012108928320918075
0.011510865005622706
0.014711435973642217
0.01360446455416614
0.015038549808368495
0.013180732464359468
0.010218714583327668
0.013280487788010525
0.016438611274202375
0.013493828963475563
0.012703290258206879
0.01039593368717373
0.013353810124502208
0.011681290616177509
0.01320907081347883
0.013394354908377593
0.013606149560271064
0.011280805668826943
0.016842599579997675
0.010312368225152635
0.01284886427323323
0.013134977686953375
0.014042804316892143
0.01206208991170582
0.016364823641515536
