1.8366689156580924E-4
2.0470659571934658E-4
1.940531607680878E-4
1.7509709087616923E-4
1.565832427850679E-4
2.1085505034855576E-4
1.4597861730714638E-4
2.709067275612523E-4
1.982625281108611E-4
1.921359460437978E-4
2.1737434783814343E-4
1.96846475004377E-4
1.821385246992345E-4
8.245844445658005E-4
1.4649187227284283E-4
1.7946012961539946E-4
1.1943304906109482E-4
1.0450332341100095E-4
1.6207772601242357E-4
2.1628163223907007E-4
1.7523759501537312E-4
1.5422194791840963E-4
1.9260501494795177E-4
1.7976706532990772E-4
2.6233853660937627E-4
