1.1763335883714192E-4
1.1043119509726185E-4
1.1283008123356807E-4
1.1109512770000901E-4
1.0913670805284648E-4
1.1420579745679008E-4
1.0678660412235075E-4
1.1016838836102573E-4
1.2316966779326465E-4
1.0991651534097584E-4
1.0688160616102327E-4
1.0452630819854867E-4
1.1507523427179373E-4
1.1289918178584358E-4
1.3175552204960304E-4
1.1414979096998739E-4
1.1708616325702625E-4
1.0657485730704857E-4
1.1841827759428847E-4
1.0571921908026106E-4
1.0871564720712419E-4
1.0780708475523962E-4
1.1511729608153307E-4
1.0637919086079365E-4
1.1142590508221357E-4
