0.003717507220448426
0.0036401698467390313
0.003633545841060343
0.003434017642277192
0.0035583446361036703
0.003887915004353169
0.0033703482221362113
0.003709423656015408
0.0040841348836257564
0.003671744856292541
0.0035514310759352566
0.0035059459082064167
0.003693006681754653
0.003579711991863095
0.003322622883924558
0.0035215277946110614
0.00359926604864448
0.003161585134012976
0.003612051996223016
0.003259092616491748
0.0035558201677547956
0.003562799770412598
0.0036199245866295675
0.003604049351325296
0.0038163342470877216
