0.014199499678574555
0.014690713010052425
0.014708778388283883
0.013346633719415024
0.014918603811259645
0.014338110855946717
0.012638325465187672
0.011573482153102221
0.018084065481794143
0.012453797188195392
0.01236101280551627
0.013649686774216852
0.01383939723451183
0.014856794451606148
0.013379351967953923
0.0168033998954297
0.01728506682006159
0.016895907884538763
0.014325755783221705
0.01349109018512884
0.017692259360362783
0.017559445462222045
0.015218721598995774
0.015089778037036816
0.012248272406478744
