3.9135558950487354E-4
2.7305622680799153E-4
2.7838164903455485E-4
2.8819922821063403E-4
4.383749278892831E-4
2.8576429883473765E-4
2.9321386406133844E-4
2.669203220824947E-4
3.407290524537155E-4
3.2590324731783304E-4
2.476540880409245E-4
2.3321665239446762E-4
4.0384822067876774E-4
2.714478417951961E-4
3.0363814067829536E-4
3.547695712375395E-4
7.664239101537136E-4
4.0331827010165605E-4
2.453610953024962E-4
2.86615440565472E-4
4.959116936534053E-4
5.741923729802461E-4
5.889567271868037E-4
3.0972004962754554E-4
2.5738085329937396E-4
