2.0928163796003378E-4
1.9827621270359063E-4
1.9982265955628047E-4
2.0088303248344856E-4
2.1715231966145732E-4
1.9683845673285077E-4
1.9715391184866785E-4
1.8888374797236402E-4
2.057719879738313E-4
2.032695108390978E-4
1.818664013017458E-4
1.9649733323973446E-4
2.160772873905794E-4
1.8680172624431572E-4
1.9696483420599738E-4
2.1499579069388146E-4
2.9013771189897916E-4
2.123819645721951E-4
1.9632152198887346E-4
1.9825296026375485E-4
2.30125769434192E-4
2.4866618550455983E-4
2.555761768675248E-4
1.9887286084709302E-4
1.8841554740767815E-4
