0.005921511261570753
0.005088667095801108
0.004793929389777408
0.005051164610905881
0.0061319600965667985
0.004848515131265802
0.005141377739168467
0.0047571406218045115
0.005471954517802607
0.005327451409537471
0.0045567855435382255
0.004704293244886596
0.006168642831757128
0.004760180629674603
0.005285793928442685
0.005757369251688378
0.009056772277077164
0.005798876967250486
0.004794247692826927
0.005092655809936608
0.006711885374090765
0.007431024381901327
0.007685242304928698
0.005267180108992519
0.004674126006878059
