0.0034889562992493905
0.0035881329605622625
0.008574037926269984
0.004722620708433989
0.004451470103659094
0.004537332750638501
0.004577388040266528
0.004779605635562789
0.006745828253160724
0.005687894795882165
0.004451439100624732
0.006428277900467294
0.004377827664785117
0.0038760586996461344
0.0044600814335784555
0.0038275125171678415
0.003549761086378944
0.0037462535764312133
0.004790797325603946
0.0031233883668360107
0.007791315105667107
0.004809385283669143
0.005187164139164091
0.004221467698488968
0.003851767382506033
