5.4931375910659744E-5
5.3036462431539945E-5
1.7089166956753821E-4
1.0998863264085407E-4
8.396322313794095E-5
6.794047484063962E-5
6.1436780526792E-5
1.2978253179036687E-4
9.564098322680709E-5
6.73691934689756E-5
5.603936495677374E-5
9.369600760716077E-5
5.192201135883397E-5
1.0950553808016893E-4
5.382715040533029E-5
5.6536588434035895E-5
7.207925609259987E-5
9.876604852988302E-5
8.941648561571122E-5
9.46385204464767E-5
1.1183222047644684E-4
5.015816501108685E-5
6.279139556001172E-5
6.161444634065185E-5
8.430632468507645E-5
