0.01647424749081874
0.01826111769132716
0.011681902375778892
0.01628622489741545
0.014514055751342606
0.019048234273959224
0.01855160196169743
0.016469681911670603
0.013557978369870783
0.01483915430073094
0.014017797021933705
0.0151257208067627
0.017025054179632678
0.01787721928036351
0.019013764194384438
0.017951149283127195
0.018780667107568587
0.01779458001113234
0.016848769487304436
0.017088395983498646
0.013400546307254324
0.01804222573197394
0.016124130830939432
0.01727664787217915
0.01892948613270056
