4.2833445716411345E-5
3.669446144912642E-5
1.2204191242057389E-4
4.964484788747341E-5
4.979808831787777E-5
5.3396731770248484E-5
4.92887907000028E-5
4.90466608245675E-5
4.863990265848099E-5
5.093417679569487E-5
4.6496073206410873E-5
6.428081593876389E-5
4.207278354037188E-5
3.6725229947001807E-5
4.927655875685184E-5
4.4661673241043926E-5
3.8192412272671666E-5
4.397753520343298E-5
4.363939006537084E-5
3.6223046832628394E-5
8.403016957523177E-5
4.38968995022313E-5
6.126950915514595E-5
4.881449759485991E-5
4.3331270013831805E-5
