8.359025965220222E-4
7.571885120608895E-4
0.0011728330551455137
0.001195679500649379
8.86848720172193E-4
0.0010826299972853705
9.46130323605913E-4
9.538554349281091E-4
9.852740430868216E-4
9.216925000085014E-4
9.347154303530277E-4
0.001189600539777764
8.707015675441091E-4
9.018240941473045E-4
0.0010483208101534462
9.127063158097139E-4
8.616358598559982E-4
9.754057572103407E-4
9.723009033033943E-4
9.038283969061043E-4
0.0011547952522074773
9.307553324326169E-4
9.35510651111546E-4
9.264844915838726E-4
9.481634885816865E-4
